987 2725
177 616
324 28
20 162
30 577
227 437
356 218
15 909
158 927
583 523
860 237
853 58
193 729
68 936
979 701
326 927
240 919
919 756
614 322
445 706
537 389
466 607
622 271
731 348
968 698
113 69
908 762
211 282
304 72
413 21
696 751
1 40
19 313
850 63
8 38
881 639
727 50
69 579
253 28
787 393
825 497
692 839
468 476
894 976
608 228
590 489
760 362
119 953
466 598
802 595
215 49
749 846
518 192
830 11
515 688
699 865
104 978
768 3
272 24
220 467
782 484
15 511
805 472
288 761
789 740
828 513
742 251
175 922
571 337
333 46
544 280
126 401
556 445
756 338
4 479
392 431
691 712
229 649
711 245
343 319
915 861
805 710
980 49
722 433
784 335
804 568
363 280
112 429
872 960
120 349
983 689
288 403
897 814
71 711
107 268
495 454
118 957
462 383
964 223
296 578
911 353
92 655
628 38
167 49
939 24
354 536
754 554
176 754
512 673
396 495
808 877
878 885
387 33
44 6
912 384
399 356
700 826
311 390
973 458
521 33
966 683
969 149
435 785
762 139
176 538
904 678
640 616
832 117
867 899
100 19
412 183
16 2
237 166
220 916
235 601
176 888
590 329
87 484
399 156
208 254
300 294
161 65
35 946
517 603
884 626
182 76
516 303
39 679
957 363
775 420
231 74
754 11
537 681
148 187
479 230
814 752
569 691
329 284
458 786
646 290
246 861
501 6
198 976
805 222
588 674
758 371
497 646
404 214
666 225
92 850
26 151
724 927
357 711
601 281
642 301
334 84
957 185
709 259
976 575
18 985
923 185
141 29
842 704
584 292
741 515
725 825
531 624
566 588
883 334
207 614
5 911
923 715
601 175
528 249
87 728
308 174
163 741
58 559
979 157
462 947
692 340
18 263
315 625
809 446
810 308
834 568
662 146
289 312
920 17
723 986
89 654
733 184
540 305
774 913
573 986
924 5
17 924
571 50
347 780
614 547
710 397
875 21
984 833
507 31
641 32
399 869
882 65
628 176
593 498
573 753
814 80
658 251
70 320
666 805
222 826
689 692
654 375
693 365
425 1
289 418
915 799
915 466
349 221
441 932
746 44
638 22
723 595
714 632
109 882
127 535
421 54
96 734
152 235
907 77
359 803
785 294
201 47
238 729
222 34
611 532
977 852
889 154
637 439
51 451
607 149
494 509
226 871
481 469
429 223
377 753
195 493
253 585
16 712
878 359
723 857
337 780
564 904
86 330
679 754
491 877
129 85
48 584
52 128
713 842
718 938
359 754
316 186
462 322
198 932
435 284
883 838
115 752
522 230
708 141
103 318
695 597
968 413
73 383
241 272
811 140
540 947
118 788
600 584
838 125
74 880
664 410
900 27
978 807
211 598
929 970
397 63
606 295
256 87
666 632
847 118
443 705
139 414
984 508
332 644
230 613
334 533
33 404
604 504
734 705
750 466
934 968
341 153
870 970
12 786
515 19
310 230
224 867
458 754
281 284
639 902
359 160
296 149
903 313
640 208
68 434
626 981
848 172
335 461
9 974
854 118
178 56
568 91
308 907
591 925
79 968
745 319
690 821
468 932
675 4
625 626
91 759
511 966
76 212
519 399
734 67
571 600
851 890
67 897
984 751
813 629
52 714
952 984
720 79
980 226
277 166
297 229
483 977
877 765
432 806
370 952
79 800
720 555
743 818
156 437
187 323
411 84
978 985
323 301
648 894
589 58
590 952
517 504
167 857
263 453
66 797
815 135
140 445
182 768
496 491
761 798
923 984
129 974
231 792
913 607
447 704
477 126
972 841
944 637
873 508
639 635
894 394
715 750
793 872
748 200
740 766
408 127
652 584
121 752
69 490
819 883
306 473
16 516
312 517
810 857
944 224
28 321
836 406
231 785
770 439
187 736
373 730
603 466
879 714
238 123
249 341
763 514
858 525
171 457
30 524
814 295
246 689
356 337
874 268
30 221
77 414
74 443
913 6
438 571
773 71
60 105
498 529
603 43
415 962
381 110
427 778
174 671
654 787
289 877
808 864
772 731
645 761
232 358
174 195
451 903
951 978
419 591
849 134
832 346
560 127
120 604
689 138
892 233
218 264
168 391
134 762
943 368
726 96
716 142
535 586
369 829
957 148
617 841
118 837
277 957
214 585
927 525
241 176
199 717
233 252
927 839
80 844
416 729
642 104
440 154
707 658
10 462
482 643
244 921
397 223
254 568
150 855
373 693
600 92
835 384
710 682
382 701
219 304
368 598
742 940
800 104
508 357
935 853
899 451
757 960
50 871
347 517
170 502
65 319
800 897
873 589
900 750
141 984
182 219
279 212
724 906
672 368
308 210
976 956
845 906
198 145
938 329
222 774
524 788
649 445
877 143
625 254
826 73
95 214
299 187
391 156
618 608
201 839
274 192
497 838
426 753
120 475
411 133
194 491
132 853
849 439
664 132
892 357
878 304
382 309
702 788
613 114
84 317
682 374
773 130
358 72
233 948
308 511
739 456
745 907
946 585
639 724
15 240
892 231
555 272
945 290
519 302
958 943
206 656
636 349
564 95
216 656
42 955
389 572
564 789
103 905
804 490
169 931
310 749
26 768
173 943
261 616
88 46
126 255
937 831
845 158
717 681
560 18
422 168
910 798
873 237
509 94
348 663
899 1
349 693
847 170
69 219
803 645
201 486
938 895
709 267
840 929
530 600
954 31
979 470
227 349
449 605
375 653
826 955
518 328
958 974
547 222
33 399
774 475
8 731
658 931
127 978
536 518
740 145
583 479
98 280
291 167
493 468
77 800
166 936
603 910
471 509
369 351
242 935
741 564
887 96
171 79
822 351
287 14
439 350
424 173
25 241
79 290
9 367
636 732
413 469
920 161
863 589
682 475
846 949
835 763
451 517
840 937
514 253
772 659
497 477
43 969
136 245
248 602
638 316
895 717
264 367
312 918
974 471
777 76
63 478
800 352
838 488
822 155
473 133
203 969
475 876
960 689
411 904
546 604
982 834
102 439
530 562
86 331
894 100
73 179
310 606
114 119
901 425
98 710
319 329
413 788
180 513
112 542
65 381
466 638
396 264
72 281
400 134
805 932
766 610
864 789
319 400
124 552
889 898
949 351
291 435
937 383
22 587
409 860
375 665
486 274
804 422
408 576
281 282
765 717
602 849
436 239
644 606
370 705
189 497
172 148
616 941
546 732
837 646
222 375
892 867
543 308
873 458
12 375
811 587
631 689
961 122
620 627
568 452
345 282
426 919
61 25
316 263
917 101
250 527
965 457
342 121
326 522
951 447
475 85
259 599
773 684
616 10
526 492
289 937
399 745
534 124
632 756
778 127
119 435
621 589
529 924
567 252
110 964
974 230
925 728
564 8
431 19
984 148
382 743
292 605
114 96
43 465
478 623
742 221
462 926
67 896
819 250
233 53
111 587
972 420
354 504
441 673
668 288
102 186
529 772
328 664
917 373
525 795
983 35
309 80
370 776
976 179
334 802
446 91
728 531
358 370
184 784
495 896
98 791
870 409
267 782
440 182
325 886
902 167
643 858
662 543
610 196
420 299
131 892
138 586
450 808
696 944
256 529
552 448
405 74
338 458
465 210
681 603
39 655
667 213
566 371
508 322
436 743
256 458
57 596
650 800
650 182
120 330
569 651
535 284
829 628
406 943
624 222
313 489
711 287
78 811
469 208
394 273
35 439
294 896
939 506
961 905
600 247
33 765
280 605
837 135
512 333
839 569
382 619
366 271
465 304
483 81
600 842
932 905
661 213
26 182
119 808
923 531
301 272
844 332
782 737
400 410
386 709
284 946
449 312
105 462
723 783
972 940
75 572
349 608
64 267
101 207
315 399
609 863
98 614
743 90
417 923
326 542
938 55
531 425
77 626
563 74
928 40
378 211
131 328
217 195
557 953
265 751
564 446
625 195
96 670
904 912
212 528
177 680
909 759
768 314
440 358
238 430
244 11
747 148
162 207
274 94
956 518
518 846
133 862
685 673
873 152
308 323
91 281
623 927
922 517
986 83
752 370
272 620
365 118
722 236
135 881
948 510
453 377
601 809
750 138
327 79
183 714
935 819
168 971
5 455
544 978
818 935
107 52
328 423
163 189
310 60
206 392
831 586
373 153
729 62
372 762
159 644
937 931
20 897
593 607
227 240
852 647
944 736
175 516
821 583
355 474
771 773
699 736
521 192
558 63
320 116
342 784
145 383
109 582
611 329
161 159
413 901
71 67
242 729
955 629
596 949
33 658
650 535
769 713
904 901
335 218
675 281
761 485
19 135
538 3
171 566
936 186
344 516
927 119
380 608
669 674
91 617
406 564
886 409
100 444
174 5
968 896
917 829
21 516
244 841
79 455
213 343
405 140
753 367
220 319
930 846
903 794
154 311
159 460
777 235
664 557
522 797
501 13
301 619
929 885
859 602
415 349
936 396
131 609
770 239
841 846
421 605
206 523
28 228
375 144
118 534
845 773
311 34
22 910
776 254
961 166
889 705
780 944
269 404
566 426
346 204
352 32
680 519
444 624
66 136
179 709
111 33
569 172
574 389
111 915
173 276
980 100
926 248
794 404
434 311
200 536
571 52
664 978
424 940
812 844
526 557
103 36
922 755
752 704
904 975
861 216
862 222
388 158
634 783
570 207
124 932
660 762
53 705
184 219
813 51
518 255
165 344
319 56
491 783
595 210
175 451
274 455
438 452
973 672
212 978
303 623
277 210
983 250
63 846
464 872
49 606
91 17
55 762
596 210
594 831
78 706
562 971
926 646
876 513
328 55
716 64
465 575
413 866
731 517
275 52
705 575
579 601
614 261
160 313
38 672
316 180
462 821
446 979
582 62
937 493
645 511
791 368
607 434
637 756
799 133
359 568
515 927
19 716
685 30
382 543
657 434
933 202
807 90
402 914
479 368
306 892
184 1
420 319
99 987
961 351
745 538
946 653
882 217
288 921
870 633
636 257
335 561
753 110
685 23
803 619
625 52
585 745
537 32
612 940
960 842
578 226
891 873
772 223
867 854
421 971
408 294
190 489
798 701
252 162
72 883
863 345
684 682
791 390
777 102
263 835
31 966
571 248
148 287
791 669
477 469
170 914
778 536
265 683
503 463
941 617
582 328
388 669
602 800
897 718
257 740
23 469
405 906
745 516
871 124
581 737
395 25
380 569
292 871
775 193
580 466
873 163
11 412
547 830
659 805
949 254
970 85
903 523
816 781
925 720
247 665
697 254
661 411
297 534
904 522
600 153
411 199
378 485
322 566
412 865
198 141
425 917
166 494
705 692
910 413
469 281
678 833
662 48
746 532
891 581
267 88
893 185
855 297
823 722
883 264
523 709
136 357
229 748
31 837
956 831
19 418
539 740
186 516
444 775
543 501
88 522
893 80
287 124
632 667
941 239
743 39
969 683
16 661
312 268
611 295
942 957
418 796
160 960
640 90
551 202
109 174
256 339
851 367
248 355
90 766
305 375
986 944
881 283
37 760
849 370
886 724
300 865
358 171
17 62
457 311
833 449
645 783
705 646
689 716
66 517
566 405
274 566
95 520
480 404
666 83
563 401
827 458
252 738
362 873
408 619
668 44
7 8
311 470
598 149
379 631
877 162
346 372
207 864
354 33
465 98
232 371
216 920
220 135
521 321
650 511
890 488
414 355
472 347
883 366
539 71
43 673
825 933
618 791
213 17
774 696
461 374
810 197
150 973
155 597
651 872
772 433
692 372
202 149
292 633
705 413
797 708
456 429
711 666
185 351
149 321
298 198
500 449
83 142
543 369
622 512
642 578
721 111
116 571
317 475
567 618
513 884
773 269
77 944
25 327
961 915
446 127
730 625
685 839
609 308
661 179
81 243
207 24
814 48
797 378
720 897
630 562
563 42
468 174
163 47
221 434
511 118
188 618
826 554
428 390
251 616
898 313
719 292
352 318
278 42
956 455
916 24
62 33
669 562
95 732
278 175
469 604
454 831
218 860
419 190
525 211
323 794
417 798
571 32
441 331
757 154
353 535
281 306
32 301
505 281
914 144
771 691
635 706
104 794
470 584
503 548
196 202
705 174
547 873
58 944
513 719
222 696
741 35
120 158
983 959
272 758
557 675
522 495
838 790
267 248
354 938
552 69
917 792
218 344
581 198
662 367
358 65
213 413
458 110
923 232
516 553
563 1
859 503
254 129
727 600
210 654
567 590
934 715
626 723
473 660
205 468
905 332
32 661
772 850
341 811
665 422
890 584
779 154
274 977
822 572
829 555
347 611
917 248
61 785
482 883
511 236
380 500
117 37
427 718
818 72
142 648
788 784
186 568
491 412
802 692
303 42
54 18
407 88
135 311
482 787
100 134
50 768
752 907
937 482
556 506
386 286
70 696
107 789
294 944
404 283
317 497
708 809
565 283
969 501
491 700
548 878
711 181
923 843
419 975
976 939
42 126
819 17
142 632
245 822
646 269
905 133
946 619
361 899
475 878
866 552
119 744
428 19
760 197
820 874
340 967
861 184
426 73
634 943
819 233
892 958
950 964
510 41
205 80
762 552
386 93
305 119
490 791
685 907
494 576
185 851
926 821
174 958
588 719
348 162
538 587
585 60
463 36
639 935
467 554
497 553
716 735
855 258
475 94
77 190
166 780
885 172
940 252
851 427
713 123
540 195
669 331
726 73
669 7
543 754
395 123
363 878
153 853
861 686
74 672
669 252
174 639
250 410
289 845
224 305
985 338
704 75
885 639
423 656
688 474
86 1
451 49
317 712
78 677
102 129
965 13
490 175
735 984
242 572
24 759
170 439
795 674
415 294
325 247
82 793
982 324
277 449
258 789
795 396
617 188
780 472
943 890
93 57
408 970
703 10
797 742
134 836
858 955
731 469
668 885
67 688
961 296
135 272
269 194
180 196
580 467
937 285
842 618
288 594
494 527
316 718
903 522
523 719
690 811
33 20
14 502
38 456
739 45
847 96
743 216
195 149
52 103
519 587
509 147
181 694
863 334
593 350
334 621
888 4
579 799
138 142
864 125
976 615
41 871
850 503
5 207
771 802
385 342
170 618
392 470
452 520
527 511
806 130
351 99
209 590
601 892
789 187
202 615
98 222
483 373
650 823
430 257
840 253
16 26
704 540
51 56
28 657
679 826
805 428
92 476
700 809
821 548
755 430
314 962
26 261
604 295
303 401
476 357
369 850
637 894
654 306
107 394
493 519
960 831
121 534
654 104
420 499
760 262
961 561
343 725
200 679
465 721
476 58
60 215
137 844
706 871
690 416
485 255
640 751
74 48
777 582
898 2
441 454
701 544
83 891
101 276
565 299
694 664
494 555
705 952
596 318
927 179
162 491
438 750
555 512
702 753
494 666
834 625
640 266
19 114
241 499
449 533
501 508
409 563
397 838
399 733
74 926
873 730
577 354
7 723
594 142
546 493
565 575
857 110
842 183
163 775
689 808
506 897
787 17
760 131
337 620
874 247
857 341
261 723
366 727
288 962
807 308
21 212
739 153
565 192
541 179
410 918
527 335
128 774
112 789
591 530
597 449
668 589
338 693
671 704
305 975
285 742
841 237
436 716
666 448
978 302
220 931
785 470
492 683
274 63
630 255
759 615
794 537
407 932
251 692
362 24
16 745
575 955
979 290
583 348
125 409
237 703
787 244
810 191
810 543
83 70
854 230
951 898
40 371
940 734
888 343
491 103
458 427
797 138
563 750
542 152
910 475
41 290
144 832
754 690
846 820
791 454
358 425
977 11
969 910
109 312
660 629
790 684
987 961
303 39
529 748
242 552
363 248
660 943
863 736
947 970
632 606
890 917
744 120
321 217
598 749
849 664
681 60
519 659
478 362
153 46
198 975
791 613
6 893
655 394
472 516
595 746
246 586
233 455
712 398
179 553
950 87
644 40
441 197
279 17
427 547
337 116
818 871
746 216
893 748
714 481
201 178
648 720
501 20
194 499
942 444
456 64
534 463
630 398
850 701
2 966
245 586
325 540
198 282
181 941
554 2
221 6
83 623
565 540
555 33
480 127
409 450
101 577
139 729
341 152
81 925
148 254
982 403
318 762
120 180
357 137
982 951
659 294
481 933
917 636
956 214
25 300
543 632
732 909
897 171
147 436
366 808
667 543
519 52
706 371
854 589
822 881
859 428
330 690
20 29
866 13
160 93
270 872
968 815
416 549
332 379
225 858
909 144
948 714
625 918
405 337
905 358
728 585
379 122
434 707
559 946
477 319
669 448
317 501
427 416
576 471
851 530
185 333
819 290
765 648
850 364
672 255
249 546
583 310
235 204
715 781
679 468
427 837
619 543
748 185
511 534
512 284
108 738
424 876
703 229
687 736
249 460
363 436
734 880
715 366
381 803
810 253
775 919
958 397
834 231
727 510
89 420
225 111
960 230
941 316
944 96
619 532
517 500
969 120
93 485
316 277
423 398
84 216
120 323
207 274
409 335
854 796
856 224
88 138
604 824
418 519
646 390
596 565
490 501
39 476
226 110
134 496
743 162
66 474
835 728
506 856
195 738
512 160
625 188
292 325
898 616
579 309
862 845
756 142
334 476
524 844
484 6
68 136
621 979
277 721
202 441
460 420
409 193
980 581
691 215
895 31
473 657
661 852
667 745
170 721
634 435
363 637
550 116
751 806
863 247
106 48
723 544
31 124
144 840
314 631
372 158
178 925
153 971
805 726
715 75
119 708
928 497
730 257
307 957
435 538
662 272
656 343
8 382
449 807
372 347
178 255
16 632
511 522
98 595
335 866
338 66
812 121
968 341
380 419
292 474
369 851
443 261
601 310
123 566
642 567
881 648
964 48
200 157
93 3
517 470
758 799
45 928
210 298
319 811
984 147
675 140
164 293
148 479
899 353
591 480
974 408
831 305
409 442
309 588
455 631
42 642
768 723
668 528
592 828
607 716
921 384
892 7
17 420
914 170
716 341
159 732
368 683
644 668
701 861
425 308
43 901
411 889
602 156
68 923
86 494
578 984
872 293
942 200
838 979
697 497
87 643
907 44
705 782
876 254
92 250
609 448
59 316
388 747
423 137
279 307
764 475
692 163
552 672
292 635
97 943
21 606
550 50
524 1
933 104
129 757
132 615
597 987
796 765
784 712
876 563
164 749
71 851
846 800
902 22
501 364
322 369
73 315
540 522
777 259
834 212
167 499
454 536
420 664
720 142
391 878
142 318
755 81
779 193
907 987
912 276
289 93
624 467
788 708
787 564
314 79
297 795
190 832
903 354
910 121
53 899
221 759
686 93
298 916
444 256
211 119
105 422
502 449
470 126
254 844
628 748
423 449
444 74
100 239
750 748
749 924
553 555
257 327
595 897
887 152
264 122
105 704
412 188
753 92
829 287
632 378
947 844
250 804
396 592
729 222
643 26
937 723
350 568
831 636
776 974
392 643
501 239
564 857
235 831
588 300
20 606
681 380
150 530
397 717
524 926
228 419
212 105
215 679
842 706
848 942
336 447
372 962
377 728
858 739
624 449
936 392
22 262
659 870
66 804
709 200
783 251
52 887
74 164
58 90
192 295
102 931
470 392
277 711
905 7
580 202
376 51
945 883
514 594
325 390
346 192
200 715
791 300
211 918
50 927
161 736
896 488
60 466
756 887
685 55
85 923
49 266
640 13
788 779
401 66
394 827
464 409
211 450
907 14
405 438
556 253
585 631
782 955
783 486
116 555
164 374
771 422
576 681
313 872
351 21
62 934
356 509
361 608
325 650
306 620
20 834
721 30
318 939
247 270
357 346
784 271
180 453
127 533
419 292
59 797
354 903
831 619
797 519
727 799
359 801
782 19
675 247
344 59
71 849
985 560
827 678
520 30
460 164
172 171
581 769
748 535
14 296
931 99
756 172
253 289
199 94
166 109
828 736
832 739
118 170
675 728
711 195
335 373
826 120
868 516
10 697
620 383
643 304
165 60
38 314
665 438
131 699
890 943
889 442
709 394
948 120
539 557
98 480
687 733
838 492
434 341
772 608
520 302
60 511
260 233
155 469
467 26
520 490
845 487
85 338
211 819
416 225
783 827
300 316
40 717
27 12
581 755
585 618
605 631
491 59
844 48
420 245
22 732
612 671
259 177
100 459
817 18
837 224
948 547
631 19
384 824
189 214
174 634
598 551
600 898
332 920
720 626
666 399
760 478
284 971
200 202
266 732
80 181
483 934
486 666
488 197
271 876
985 522
366 170
406 630
2 834
60 58
690 823
268 15
492 411
808 44
386 222
208 413
278 517
213 287
732 189
565 736
602 666
567 843
164 145
485 356
425 240
133 207
529 912
750 279
495 205
900 777
163 278
907 563
87 307
931 354
805 970
898 617
517 267
31 112
689 865
984 46
654 737
676 428
415 664
823 250
347 843
560 914
119 388
493 703
436 629
145 317
753 672
310 911
885 99
794 968
618 756
802 495
381 207
214 29
601 607
714 407
204 100
889 271
413 101
217 983
383 29
258 882
618 147
306 573
935 618
936 924
900 85
495 211
891 349
512 960
503 773
986 123
519 273
924 703
280 15
595 677
427 375
874 693
193 723
927 855
469 459
915 42
972 636
885 142
357 112
87 438
127 719
646 473
709 662
251 329
259 921
494 543
636 407
910 871
103 882
489 471
394 151
272 635
425 795
447 225
755 259
461 734
970 371
525 544
69 899
207 517
219 596
281 932
241 956
403 303
292 709
499 452
985 960
803 457
972 714
438 97
646 570
197 459
455 440
242 122
886 868
526 576
251 319
785 336
643 149
788 187
670 291
178 677
841 73
568 911
336 338
330 632
366 225
795 310
904 295
465 858
173 116
49 667
656 82
984 639
694 446
622 971
667 626
687 661
502 965
288 146
435 12
534 390
671 926
853 665
76 536
418 352
934 284
133 696
936 800
543 493
637 386
657 633
639 482
985 207
41 446
966 81
454 122
682 297
294 14
212 643
308 314
732 695
700 469
535 581
886 967
637 782
876 579
145 274
518 648
540 523
498 655
941 580
803 205
513 837
708 89
905 422
707 411
456 514
716 475
438 219
136 163
689 756
745 471
744 617
28 879
507 862
794 781
424 207
741 611
761 234
31 914
180 949
953 627
130 564
650 693
116 700
941 498
105 82
748 874
486 622
139 692
175 512
215 681
127 795
662 713
631 225
542 153
672 556
709 738
505 60
452 605
273 326
366 798
374 686
603 583
274 479
836 928
116 404
985 177
949 91
145 74
541 115
11 597
123 762
800 805
250 586
244 825
72 507
254 50
698 19
402 458
81 936
814 613
563 752
378 128
567 136
450 269
898 66
755 207
43 654
475 911
174 9
688 428
601 376
204 591
455 405
57 542
44 525
943 831
267 640
803 978
401 835
442 304
727 292
158 97
768 282
42 710
888 463
245 99
889 685
417 369
394 660
490 833
896 9
774 485
439 761
371 104
204 106
124 61
285 330
435 113
826 297
539 816
424 510
957 204
664 776
578 131
29 675
323 922
875 601
400 972
454 532
461 547
106 901
179 600
59 62
902 91
259 133
544 659
175 337
693 366
605 412
719 574
796 511
194 714
591 971
178 861
327 369
788 133
97 175
460 483
723 373
959 124
193 739
158 405
604 637
327 955
554 326
348 502
421 408
354 416
155 689
284 622
875 341
171 529
668 369
137 897
952 537
37 345
207 169
752 882
905 677
876 215
361 76
566 707
984 89
733 828
623 973
168 748
886 273
102 256
661 48
94 83
792 374
368 620
208 909
784 651
249 871
622 16
880 36
809 671
386 939
633 167
924 565
83 271
726 393
854 690
29 258
694 939
733 132
163 561
424 783
500 172
840 513
527 611
917 643
667 868
650 148
743 746
454 238
643 312
609 181
94 90
795 558
320 921
541 393
160 562
698 901
826 235
19 611
60 512
632 310
672 130
691 670
563 725
233 218
859 698
899 941
4 388
602 382
843 399
517 503
39 40
3 667
188 275
208 561
9 672
382 2
887 21
384 583
946 210
529 442
550 464
515 206
609 63
402 87
151 944
749 101
36 378
627 569
497 598
775 913
670 178
853 813
648 675
215 196
112 863
334 836
560 195
723 273
27 723
448 908
289 819
968 573
577 62
335 145
319 646
641 793
643 183
535 950
518 885
563 441
71 118
937 665
167 419
79 982
309 951
48 95
835 896
729 389
948 673
129 178
573 695
750 482
980 687
927 864
340 846
17 79
467 542
665 964
705 695
47 928
412 552
460 142
807 938
792 449
563 117
