945 1150
753 229
86 890
485 464
661 310
653 314
374 422
459 253
149 222
845 30
93 599
774 599
86 133
347 318
869 22
893 121
517 791
767 512
107 807
538 53
303 653
195 150
18 930
153 472
384 72
688 886
391 805
328 367
781 755
751 782
152 224
397 746
490 156
94 237
35 792
745 922
530 909
436 505
252 478
537 100
250 186
797 286
537 696
254 87
342 202
732 579
751 63
346 511
367 831
700 628
277 805
616 615
173 745
426 128
703 286
280 479
218 783
631 243
884 684
689 361
310 566
230 362
570 521
526 91
503 3
369 888
62 938
135 866
430 501
99 215
472 641
502 60
613 604
857 35
286 135
451 147
332 290
596 659
670 462
154 64
799 368
352 236
569 602
152 942
753 280
433 154
57 685
72 903
717 96
162 506
626 295
156 447
896 544
296 194
892 747
864 793
382 660
515 906
901 71
620 709
418 790
306 617
117 620
916 671
602 825
921 929
701 344
623 251
441 816
194 710
312 530
216 615
621 67
771 448
772 466
638 457
524 76
80 45
635 858
243 809
331 308
38 836
853 587
769 234
620 202
862 100
761 214
852 590
488 207
334 188
581 330
690 684
625 124
524 896
112 45
263 723
910 263
23 270
139 768
832 267
393 75
22 341
300 395
776 667
149 657
39 662
33 543
676 687
532 347
680 728
592 70
767 678
938 683
749 493
108 507
921 466
453 913
638 114
221 127
52 933
444 783
861 184
519 241
527 462
689 59
740 129
748 791
268 552
938 446
30 768
196 434
140 498
657 792
649 94
822 104
277 491
710 417
343 274
715 205
576 865
874 350
379 411
714 657
274 609
653 366
313 728
587 284
266 300
620 147
259 85
333 454
206 845
210 767
827 607
299 632
159 3
618 669
628 196
665 374
244 309
936 399
835 709
468 621
713 19
481 54
751 375
548 26
440 134
64 467
404 500
795 524
190 619
165 687
169 143
410 906
805 54
464 205
865 880
305 388
753 936
785 517
429 526
829 940
620 295
634 771
647 391
217 204
30 379
324 186
111 381
400 14
442 624
267 626
761 739
24 617
737 857
262 707
552 568
200 583
185 621
773 742
380 183
806 308
354 941
408 440
17 936
626 566
185 93
721 48
201 403
927 426
504 713
749 727
568 883
103 373
570 603
344 434
798 821
371 486
638 564
513 699
106 204
16 279
481 751
107 864
466 454
264 626
910 693
712 134
243 288
411 159
924 204
256 418
387 539
396 66
870 722
459 100
808 865
132 434
745 8
719 121
536 581
530 676
373 168
613 825
925 482
183 306
137 868
799 630
154 711
321 312
472 427
30 434
463 846
708 350
317 205
208 556
189 295
246 381
353 247
810 144
931 513
428 633
673 369
594 913
617 907
800 874
687 307
455 203
26 589
684 553
944 82
376 447
509 884
340 173
699 154
746 894
777 763
925 577
38 843
281 819
480 642
161 552
509 343
805 750
236 618
365 244
411 41
730 313
261 675
655 731
195 706
530 697
762 186
804 700
650 368
302 89
399 565
57 505
362 793
810 18
123 775
179 162
283 97
436 649
228 118
276 50
101 188
65 673
820 795
443 864
858 821
315 726
427 16
36 548
443 838
754 794
550 35
815 427
588 868
896 836
267 665
905 104
750 216
789 398
597 771
408 133
689 171
766 463
699 846
276 245
681 768
561 756
511 268
715 856
616 755
429 146
540 355
203 426
815 216
842 125
817 804
495 625
708 807
740 780
78 677
600 135
38 6
635 421
285 724
7 257
650 115
665 704
924 35
29 613
709 217
862 810
501 70
302 724
750 73
441 635
474 581
34 420
768 508
7 116
418 240
804 4
117 912
207 729
530 274
101 107
200 131
428 229
262 411
236 191
405 37
713 644
453 566
925 144
170 706
525 886
35 72
515 354
727 709
823 906
630 159
468 180
818 401
204 549
690 48
523 65
101 410
486 408
341 170
699 777
609 17
222 589
348 696
393 154
579 335
439 490
216 94
362 391
458 790
62 259
108 639
543 229
511 578
758 683
184 157
806 369
402 670
759 312
559 945
11 816
573 118
317 412
158 82
576 341
264 129
448 430
592 392
263 306
276 317
285 833
544 522
524 55
180 514
813 233
329 147
52 273
479 31
132 758
335 59
773 117
342 781
490 422
924 854
29 374
11 545
258 441
117 934
90 144
293 243
571 28
220 422
133 200
256 794
671 619
386 851
264 577
478 533
775 216
648 122
83 835
267 58
120 216
2 355
337 14
568 646
206 873
588 284
680 410
478 493
384 700
487 693
781 66
109 237
838 125
363 773
893 553
149 549
638 578
78 423
198 128
51 846
613 462
185 141
723 258
518 182
418 731
565 173
537 202
562 512
163 578
304 421
392 471
4 915
398 766
641 45
40 47
536 261
264 503
77 806
616 509
81 87
753 378
368 248
761 515
19 884
932 446
630 945
55 740
679 931
186 598
53 160
801 533
23 598
284 256
1 366
564 926
516 603
626 775
898 911
569 512
104 220
1 573
87 780
87 45
729 348
156 325
264 515
120 445
653 312
788 920
63 256
438 684
793 377
863 433
719 476
912 598
196 780
871 528
8 335
477 88
52 482
209 368
439 761
598 191
446 696
846 594
945 393
577 112
562 740
678 660
553 368
60 52
838 557
787 161
831 298
386 71
481 664
447 93
739 620
466 547
671 105
620 681
491 578
908 556
440 485
784 610
880 791
516 269
895 467
934 343
201 831
586 448
330 157
547 401
552 261
258 836
215 729
317 454
487 174
741 839
700 209
420 163
218 865
11 28
389 236
773 593
919 802
464 668
62 362
634 619
422 790
413 814
418 376
280 779
249 743
787 404
83 267
466 202
19 872
515 241
916 761
297 610
639 137
78 740
381 52
468 52
829 234
165 77
610 385
19 902
284 834
253 236
896 528
364 945
371 278
736 937
389 764
232 560
208 428
439 519
54 793
32 340
93 370
482 601
727 667
467 558
607 913
889 26
5 719
109 157
146 169
270 686
439 411
360 859
292 506
827 860
859 419
9 172
892 760
141 577
39 277
391 143
896 237
328 766
673 717
417 624
683 28
218 700
354 833
707 863
657 408
780 913
1 412
224 548
832 293
120 192
708 367
348 435
866 647
731 87
797 775
266 490
378 375
665 581
723 666
931 517
665 409
721 276
329 681
419 712
111 295
892 219
744 828
734 591
877 468
38 592
424 665
704 379
168 240
784 645
221 328
856 241
51 743
519 454
599 40
331 406
269 166
304 310
666 901
485 591
654 334
198 812
256 547
878 375
901 93
842 552
355 482
780 244
714 459
674 28
316 253
918 209
734 34
180 478
197 863
455 746
542 836
27 735
590 713
661 679
82 756
346 601
165 766
394 136
63 6
668 593
710 765
806 765
652 754
247 632
793 915
528 475
643 93
206 859
694 452
461 455
49 940
424 849
357 98
106 60
258 689
549 579
545 130
737 373
531 465
72 789
251 729
584 874
554 217
72 523
881 12
208 814
85 262
236 663
109 500
805 424
814 822
744 489
415 166
886 13
634 218
623 224
365 600
479 621
882 787
870 389
401 236
351 547
36 735
515 177
261 898
167 703
237 734
4 604
358 263
2 169
121 88
114 210
204 513
853 756
76 902
895 212
163 158
392 412
129 157
250 294
446 88
605 91
641 483
367 823
27 526
198 340
864 537
610 539
332 39
868 113
79 447
929 68
355 155
151 35
253 845
840 758
687 228
682 253
662 394
651 91
3 795
415 938
658 938
370 525
515 314
233 289
702 652
566 411
693 764
442 828
626 263
679 275
330 277
890 491
714 512
317 78
403 764
374 1
245 301
678 357
664 680
692 144
546 252
269 270
150 524
650 173
938 659
234 300
609 580
635 240
281 909
156 15
787 751
479 153
244 325
309 727
318 25
449 478
646 430
643 793
332 52
108 865
499 371
628 282
498 504
764 391
823 936
723 306
6 478
659 633
486 824
656 943
484 649
69 540
627 436
922 300
60 734
676 74
636 671
266 246
558 69
601 196
384 911
480 945
246 516
1 937
692 520
679 380
812 554
276 463
449 223
711 294
841 652
599 463
85 500
235 401
102 870
788 159
835 669
493 698
439 510
38 463
66 451
760 267
503 53
486 411
792 801
27 265
47 655
72 292
62 844
44 815
723 769
379 571
823 522
793 278
31 142
315 364
79 511
897 868
145 465
545 805
145 216
640 426
612 914
739 123
206 317
231 453
88 617
503 467
228 740
336 421
115 627
698 129
887 785
307 155
93 576
761 89
289 136
912 405
558 162
172 246
45 256
815 279
636 933
329 155
340 276
15 389
546 755
432 447
322 576
832 505
411 111
569 184
616 320
700 451
320 6
715 392
666 624
763 189
10 521
224 379
15 162
670 617
571 921
186 597
312 742
583 740
419 82
314 868
595 529
755 840
402 811
363 307
933 227
235 326
620 875
771 610
540 606
507 878
878 339
922 733
922 150
337 628
799 287
798 651
646 287
655 250
715 813
716 619
854 396
670 676
337 614
270 773
275 30
610 236
114 535
298 478
134 295
292 467
339 61
515 512
424 662
697 792
180 97
545 568
193 570
269 197
919 718
306 374
32 196
725 198
272 741
848 472
344 362
161 372
66 602
79 565
404 26
112 120
555 68
811 779
743 250
38 902
521 390
320 403
335 661
534 912
422 478
741 313
642 246
130 473
297 28
527 755
922 358
645 669
188 590
740 797
645 222
791 10
428 269
52 706
106 38
596 446
352 647
541 360
249 29
794 497
635 191
205 533
579 910
886 542
263 596
887 243
629 180
397 546
880 575
145 679
269 398
406 652
548 142
720 850
150 844
796 578
199 730
768 55
732 832
558 483
630 604
903 829
526 215
878 918
534 619
534 628
652 500
451 44
154 919
607 558
411 441
608 370
760 804
811 736
352 938
326 941
587 344
853 211
56 480
682 547
96 444
604 866
56 520
223 456
718 912
876 466
565 886
630 172
916 692
582 31
380 245
311 608
866 753
172 556
553 479
790 199
224 8
914 843
223 366
437 632
689 527
533 206
403 666
867 511
327 431
404 666
579 145
261 370
211 911
866 886
294 710
715 920
49 315
508 755
108 8
156 467
866 718
231 239
744 663
140 410
12 423
277 61
723 628
282 34
212 829
344 142
352 166
747 884
192 236
655 307
406 513
230 90
