855 2464
733 16 688
422 572 733
590 234 26
205 494 18
286 80 393
377 111 116
74 301 312
300 574 865
705 365 722
321 348 549
377 718 70
122 244 324
46 29 420
833 99 982
720 235 799
162 723 181
49 302 724
162 158 334
220 757 158
597 260 831
611 733 219
745 161 143
94 139 214
2 616 602
25 168 487
343 269 982
222 340 709
441 616 118
445 107 904
807 484 58
563 410 515
269 66 543
716 344 210
183 136 76
488 496 703
198 795 567
1 583 462
429 410 462
332 824 418
485 347 60
641 140 636
719 260 635
681 409 320
414 474 903
555 398 892
399 304 955
637 187 106
80 126 917
591 438 373
170 661 127
364 54 722
839 674 759
489 342 371
223 691 32
233 768 449
462 603 69
521 323 639
2 679 438
663 73 975
825 832 211
301 182 574
565 687 195
149 680 192
145 676 514
704 232 926
466 296 742
109 397 33
369 210 93
477 837 712
81 253 378
249 797 368
29 692 988
243 199 999
231 484 916
577 511 144
223 627 703
801 134 708
827 681 698
181 443 434
660 822 81
739 39 223
598 629 646
242 407 750
222 177 713
137 61 792
497 467 228
314 740 734
265 662 403
38 654 777
628 788 31
427 441 936
638 12 798
685 352 591
146 647 496
750 176 378
129 399 43
132 765 173
31 655 69
157 442 222
553 484 176
781 164 807
256 631 27
393 263 463
565 562 338
266 593 493
39 456 312
69 571 800
109 20 945
630 532 84
298 503 330
432 279 801
854 195 476
742 584 918
270 332 280
467 599 633
167 572 769
690 136 399
448 742 566
177 3 97
466 668 453
855 37 656
297 141 595
291 60 308
95 331 475
276 836 994
463 395 832
677 643 145
596 258 885
290 64 787
219 22 139
729 245 598
8 743 684
367 87 857
437 503 688
287 339 793
199 338 193
670 764 587
257 564 138
686 503 609
389 668 642
404 277 304
750 841 413
52 588 123
85 661 386
414 566 748
814 165 82
351 57 428
686 110 382
691 676 735
729 489 763
445 433 596
341 225 864
258 142 483
378 473 102
26 367 917
344 190 304
213 436 487
395 602 802
639 140 93
756 53 163
643 782 852
306 653 145
849 693 749
325 778 392
247 60 896
289 379 200
541 483 350
592 408 677
222 118 653
123 151 514
453 579 190
248 71 285
444 477 975
185 526 784
343 624 815
481 200 67
221 358 878
823 771 400
390 300 382
727 408 621
276 737 222
488 571 187
436 247 890
846 564 696
189 249 288
768 835 88
310 31 186
817 300 453
361 741 852
431 118 500
751 508 901
482 298 97
704 690 96
475 203 674
282 361 389
735 833 445
629 623 642
194 525 923
821 516 346
796 95 139
667 42 974
382 763 939
96 527 823
443 690 851
62 99 319
694 325 438
444 252 946
230 146 631
193 34 182
28 697 929
163 264 878
760 841 421
228 241 549
551 242 278
393 611 224
811 484 392
451 226 601
80 177 497
610 849 285
321 22 177
516 252 860
689 679 443
853 99 404
95 614 343
518 164 727
639 318 11
170 478 356
587 494 470
671 403 945
95 336 446
698 707 963
436 775 791
470 328 130
206 31 294
659 601 833
172 558 604
737 209 709
68 206 389
40 811 99
182 478 850
340 382 545
254 824 934
93 705 217
109 680 881
533 410 578
589 361 526
687 23 500
291 240 65
797 777 66
548 581 188
634 108 920
509 740 725
745 383 774
843 248 233
476 324 536
41 496 297
654 774 294
745 621 494
263 494 170
344 383 632
760 44 342
163 47 912
614 819 822
645 758 561
385 406 369
681 790 663
293 156 210
834 167 350
785 258 716
618 158 933
847 199 91
626 512 629
347 854 805
280 489 840
262 446 781
386 506 660
20 110 471
403 342 754
785 264 574
795 398 610
128 799 865
438 518 481
480 741 728
445 766 333
678 752 235
405 45 16
378 272 89
413 251 580
821 188 521
751 490 815
661 496 363
280 414 292
507 580 523
417 532 715
86 339 411
501 383 872
609 507 375
793 370 852
26 244 678
343 95 578
426 305 478
734 505 965
330 410 11
118 607 10
137 577 786
515 101 930
198 643 924
154 42 816
590 150 538
383 125 27
551 302 97
41 72 981
713 623 601
369 648 885
289 35 217
6 422 759
374 321 603
55 316 840
515 502 584
803 723 914
509 25 365
145 575 800
295 14 934
521 249 235
60 265 753
148 471 515
28 137 978
653 51 803
597 720 205
210 762 817
283 203 65
397 409 47
140 598 634
512 752 487
648 476 96
837 118 496
781 726 185
141 360 763
686 346 498
427 509 137
183 269 39
446 456 127
3 75 210
470 441 726
25 748 220
739 405 289
708 137 651
651 752 6
832 343 795
139 324 847
373 620 478
17 467 288
216 833 65
445 775 880
838 557 170
560 81 866
196 708 791
497 504 993
407 427 412
764 302 262
528 217 241
272 405 631
240 443 519
690 338 97
270 272 853
703 612 150
574 357 957
129 497 187
489 702 757
293 785 706
474 717 383
325 365 634
336 704 877
678 833 747
276 75 230
451 42 261
566 474 793
309 257 776
628 286 802
393 829 290
399 828 372
560 350 854
58 75 237
844 354 389
522 516 730
226 603 325
782 246 588
686 161 290
10 815 741
817 703 449
472 260 505
810 78 685
451 398 588
151 711 201
362 738 420
797 654 366
124 297 343
130 655 641
626 579 915
562 293 344
171 473 239
618 766 912
528 557 929
469 429 152
463 155 852
613 86 887
538 246 65
442 358 940
770 226 865
500 845 143
622 510 398
299 165 885
242 274 302
248 450 459
350 183 284
608 508 760
844 695 351
130 206 339
285 173 734
632 171 867
481 591 311
20 214 328
746 494 233
80 107 199
607 706 425
205 300 868
630 604 664
286 771 523
735 284 511
189 32 546
701 538 855
308 694 819
27 475 742
440 635 281
712 51 440
309 371 866
827 803 740
774 497 366
136 295 365
702 270 724
687 585 205
275 186 177
348 832 236
396 836 546
330 769 254
474 70 452
260 46 61
745 711 179
58 412 266
585 728 146
430 583 292
427 20 14
87 131 692
293 189 472
99 267 6
496 555 928
691 620 773
822 745 826
28 176 596
744 191 275
522 380 651
240 470 711
520 204 504
183 461 237
392 666 236
450 398 332
794 199 458
307 37 229
785 284 155
314 29 559
729 262 520
534 16 483
772 366 212
420 25 350
750 374 689
378 126 708
844 66 759
634 148 226
704 431 18
444 742 386
434 636 625
665 796 399
11 730 953
639 234 279
689 324 546
138 232 372
483 274 872
15 225 343
244 361 871
690 528 911
660 327 155
233 674 576
201 202 972
68 380 523
573 543 821
45 562 691
346 603 849
142 775 694
708 634 804
119 450 768
760 414 986
340 674 400
790 587 333
218 197 247
566 718 355
350 306 273
133 50 385
750 350 946
124 400 858
741 272 607
194 794 387
772 779 393
321 292 954
814 804 543
186 518 67
153 101 60
173 37 470
105 47 413
251 270 283
99 36 672
829 778 989
17 105 65
465 440 92
132 191 290
200 526 674
403 39 62
69 528 20
280 381 814
26 627 948
30 686 154
473 332 950
738 593 867
832 347 658
174 543 616
381 424 461
452 90 989
573 775 288
413 814 922
26 670 543
450 494 425
156 90 71
311 348 432
202 17 872
718 207 303
697 131 247
483 569 209
10 626 113
564 721 29
775 845 943
691 323 964
209 632 49
463 456 518
87 32 397
152 305 479
574 155 593
817 781 357
131 539 247
349 447 653
270 247 953
59 135 392
253 114 373
405 5 665
294 146 759
418 308 717
366 719 252
140 174 502
586 673 296
186 137 770
532 340 814
120 666 72
453 173 486
808 612 548
409 503 284
37 660 324
38 794 898
46 160 611
152 738 241
638 852 91
418 315 513
588 523 361
141 103 186
802 136 439
621 587 467
168 378 570
465 451 114
127 654 582
25 802 339
240 753 60
409 188 819
533 759 1000
850 756 572
800 812 704
419 392 176
49 258 398
453 26 225
844 328 840
555 830 756
672 701 85
725 53 457
788 531 400
337 184 322
781 355 715
768 28 740
40 393 710
247 10 976
607 373 690
743 563 351
682 520 767
366 300 250
152 153 477
38 334 57
301 586 629
41 644 398
179 351 909
444 412 123
343 254 322
551 26 129
122 571 354
477 237 200
569 294 346
436 90 997
375 774 100
416 134 104
762 361 438
793 192 173
157 508 788
804 833 822
219 217 839
748 32 397
227 595 901
301 228 211
574 147 110
163 629 208
300 141 561
88 610 398
606 777 679
250 750 742
489 18 212
114 128 555
730 390 580
613 116 109
644 497 632
272 742 357
466 98 773
145 690 311
288 456 452
574 319 492
532 139 939
364 825 983
99 576 960
365 398 100
783 597 310
585 692 791
437 53 665
54 722 129
195 763 585
504 455 209
168 141 377
83 46 712
350 404 74
809 696 958
717 258 716
230 112 664
336 147 48
768 403 747
520 148 424
222 359 738
600 616 828
555 231 623
827 633 106
825 321 317
579 514 824
87 421 865
394 67 713
739 734 795
319 638 843
123 517 849
72 466 720
349 656 955
855 691 859
792 245 938
536 620 889
813 157 152
677 618 331
723 506 543
829 150 587
394 778 515
15 672 701
420 716 828
599 306 371
343 149 837
289 818 714
705 815 486
760 238 868
778 431 146
182 811 545
812 817 881
679 194 572
438 124 420
169 638 821
442 143 386
639 49 386
373 74 916
264 402 575
431 240 993
517 431 406
580 500 622
442 624 17
445 496 589
67 30 424
815 806 805
611 836 979
793 90 455
107 717 486
658 92 603
612 219 224
617 676 800
584 230 113
331 411 289
28 466 833
118 810 844
708 656 791
527 323 37
14 80 957
678 101 365
660 555 371
192 638 23
773 673 620
616 61 843
509 322 306
783 457 126
626 467 225
847 65 39
466 331 771
351 570 574
523 684 608
313 825 224
469 684 730
214 650 668
416 646 343
204 461 481
780 33 615
807 382 820
443 356 481
765 220 41
557 225 916
579 52 211
42 416 596
249 551 460
174 700 809
119 519 848
283 117 5
676 650 678
454 382 753
479 550 402
282 631 999
666 93 479
119 378 203
317 393 999
240 668 452
763 177 9
563 303 161
609 581 727
796 607 36
151 121 542
735 315 351
560 244 540
303 555 497
558 452 163
478 472 546
528 442 835
679 341 702
24 319 242
722 581 601
768 291 209
49 9 724
273 721 323
575 344 308
505 448 86
393 853 430
321 627 270
585 456 106
252 531 185
687 267 562
701 650 457
642 578 335
101 192 164
687 828 139
779 187 71
63 810 963
167 673 885
815 71 169
795 359 338
731 758 680
402 569 774
122 792 750
23 360 178
169 677 247
323 147 760
147 495 138
405 706 775
205 568 23
386 337 890
139 124 836
634 264 35
130 68 332
662 532 599
669 311 650
213 263 43
767 344 342
81 690 152
589 88 563
754 478 224
332 499 550
90 656 305
634 85 201
474 721 65
718 808 954
449 15 585
397 106 105
30 242 93
577 665 438
84 279 30
231 555 913
455 391 604
633 242 195
586 704 927
820 450 413
267 452 929
403 294 516
6 186 799
336 81 312
723 240 979
269 471 957
188 433 451
566 171 247
125 172 396
389 42 185
681 159 448
143 467 407
701 617 949
17 784 461
357 687 457
546 783 195
839 727 33
600 469 363
549 288 635
443 714 569
722 720 127
832 482 446
272 425 981
88 222 366
450 51 346
843 557 302
389 527 124
19 51 641
210 207 823
724 24 782
250 826 403
594 254 288
427 116 187
88 212 566
152 625 721
305 2 339
731 501 834
584 803 364
21 770 190
694 746 320
230 466 327
77 383 488
112 728 90
823 402 468
638 611 145
256 561 407
568 36 104
552 225 407
592 339 905
385 406 148
649 782 824
143 622 104
189 808 570
606 498 679
395 670 845
629 12 808
323 773 995
766 2 995
644 688 444
594 223 950
427 210 743
116 364 769
132 534 153
312 713 206
735 357 146
524 668 590
80 643 581
213 157 143
407 243 170
118 136 100
840 606 934
198 456 808
373 808 66
539 564 991
633 219 653
674 432 814
569 10 737
429 500 42
541 46 600
91 318 354
60 341 546
495 533 744
638 1 172
42 581 529
327 473 331
182 266 264
816 749 666
826 69 515
313 729 835
452 657 631
738 392 807
716 671 229
791 736 488
168 175 492
212 277 569
364 170 610
827 241 241
554 387 23
811 193 682
98 693 234
346 99 67
253 514 224
848 21 246
607 769 194
101 493 528
89 133 864
488 722 157
476 172 533
637 628 706
710 437 680
753 405 816
551 494 863
325 395 793
119 550 371
104 400 664
463 255 940
176 835 844
649 583 840
214 238 689
120 580 515
479 827 437
182 194 442
100 797 920
149 40 411
677 502 433
677 280 277
301 309 251
744 609 912
267 87 986
565 156 468
593 225 755
107 121 990
285 42 811
835 712 734
762 361 684
466 362 948
643 202 687
261 32 876
199 732 950
257 634 546
371 584 705
685 709 511
488 635 517
603 474 948
271 432 644
168 31 826
755 26 160
239 537 691
727 793 69
773 158 524
527 634 745
156 245 303
145 632 621
836 69 562
314 744 244
37 781 201
781 73 185
43 207 868
195 674 479
48 569 859
135 715 60
653 370 994
95 566 974
287 372 457
737 109 303
792 628 718
822 260 714
791 77 450
711 310 572
289 336 648
158 823 87
373 615 39
26 146 846
356 304 392
134 477 388
447 26 116
547 524 579
597 667 182
503 100 76
669 92 741
727 707 403
4 679 615
344 74 383
827 474 630
663 332 850
814 843 513
418 56 713
562 677 777
94 399 858
271 653 652
291 731 188
89 90 706
789 792 879
222 124 100
836 719 126
420 712 757
112 152 7
779 37 93
843 646 862
656 431 701
106 633 350
78 633 303
352 660 671
785 127 980
328 127 843
514 825 522
754 157 3
197 79 842
611 534 517
4 785 140
180 130 858
685 448 296
38 579 361
16 711 368
149 743 470
83 402 202
21 681 121
734 64 570
689 652 582
525 99 268
630 574 656
758 464 331
544 697 990
651 62 748
77 715 153
750 413 285
777 795 925
469 493 598
802 718 906
197 514 646
363 27 480
336 460 459
683 515 487
636 771 340
487 500 377
203 220 13
473 687 55
721 401 474
532 134 747
698 665 881
417 172 36
103 418 391
145 776 501
810 214 188
670 200 753
26 784 46
348 715 43
89 245 536
168 269 377
597 103 524
151 834 250
428 473 134
246 654 601
224 448 119
599 618 67
652 586 214
746 594 402
740 351 898
94 360 605
683 343 135
673 256 779
23 65 129
445 608 137
7 774 740
459 233 858
720 231 292
743 20 915
40 37 921
815 371 642
593 349 47
50 120 541
729 357 355
641 45 78
214 309 156
643 631 636
600 203 671
316 745 338
273 7 757
489 746 725
720 411 544
430 227 81
127 52 859
647 818 451
172 96 338
670 153 292
748 573 581
275 43 693
85 181 952
33 640 288
415 152 845
115 28 484
45 332 637
456 65 164
610 808 600
392 320 694
104 829 982
148 786 957
196 752 341
28 29 606
806 848 524
585 43 715
848 746 816
274 293 573
309 825 908
691 141 162
423 704 431
346 481 556
269 493 654
453 406 294
685 217 184
184 325 340
804 752 239
683 752 722
733 317 352
548 551 58
386 376 17
831 165 582
728 230 357
207 385 820
147 67 708
57 199 610
50 664 949
511 593 311
297 735 812
436 233 882
369 795 868
627 374 383
65 244 866
336 232 311
389 616 657
455 392 193
820 714 837
373 424 469
721 588 831
842 178 180
213 766 761
591 396 859
201 305 85
8 819 425
593 663 478
258 709 971
780 132 845
219 394 53
151 667 123
264 854 278
409 444 500
714 241 126
565 202 593
343 849 144
605 642 491
795 33 89
817 826 653
68 229 628
599 281 39
456 408 878
29 355 645
790 655 88
360 233 466
217 124 387
523 487 356
7 537 406
771 553 845
422 170 500
668 66 575
512 819 148
39 520 396
814 628 182
627 31 135
654 554 453
503 171 272
794 268 193
338 591 953
364 23 953
249 143 246
274 11 319
702 533 225
309 237 549
704 781 103
317 387 757
703 370 398
322 647 986
535 596 923
689 89 341
15 619 262
129 341 836
640 190 907
273 15 922
492 346 939
847 18 933
187 765 910
488 374 176
92 654 461
338 392 662
187 292 413
640 362 832
592 48 154
26 38 491
426 725 832
154 202 722
203 188 564
687 632 59
162 64 421
142 424 598
406 351 209
499 231 594
784 505 569
428 197 249
835 785 372
557 336 265
536 664 706
820 48 713
762 57 214
118 400 65
431 217 73
438 568 486
387 780 304
672 284 576
212 682 231
364 45 932
852 802 56
201 537 663
292 285 274
812 716 802
555 300 688
794 331 37
790 309 318
334 150 100
634 225 8
191 237 306
541 692 644
97 117 812
374 371 981
193 637 782
466 193 990
365 184 963
676 685 964
325 308 241
672 429 491
129 663 504
745 230 83
430 736 546
130 256 151
493 361 804
72 450 405
42 563 280
138 483 103
413 62 154
428 623 42
829 533 45
621 355 761
178 300 936
116 576 819
562 56 198
144 837 596
419 605 180
335 473 434
775 391 142
126 158 344
810 689 551
364 845 552
26 180 638
439 743 605
177 213 774
383 487 662
237 229 268
696 510 702
349 213 707
385 504 579
760 695 914
659 370 109
554 640 624
167 709 591
367 434 939
218 283 488
235 286 109
737 450 580
193 4 415
804 495 338
834 844 762
361 550 934
142 473 986
129 628 177
646 164 824
641 410 972
711 651 806
779 840 250
84 764 81
369 561 656
52 40 876
676 68 131
366 505 948
550 515 693
586 696 634
710 160 732
255 709 307
850 745 864
796 586 573
28 425 528
630 302 494
442 429 275
50 214 399
653 785 937
92 822 331
670 807 474
339 492 675
539 484 302
229 120 574
51 88 966
637 275 280
559 753 300
46 780 923
366 503 301
586 796 966
191 230 468
160 827 825
148 847 520
691 767 887
802 314 983
525 527 185
605 642 542
157 789 880
752 854 680
226 344 521
506 214 78
498 703 166
224 431 91
679 407 176
283 381 436
123 646 432
1 575 991
344 800 785
92 352 803
577 547 721
814 561 965
489 560 562
418 734 328
803 494 527
781 469 129
219 18 162
594 89 6
208 68 716
567 345 163
792 418 238
467 811 180
168 135 806
218 140 549
79 154 303
609 57 906
10 329 140
310 567 341
270 114 769
769 483 244
307 642 808
567 442 515
29 251 403
4 29 18
303 473 301
426 300 756
779 246 938
632 521 435
663 760 541
848 834 151
656 400 514
423 626 207
803 640 109
165 318 988
507 291 101
232 577 234
576 41 398
695 425 952
414 552 240
250 700 965
428 326 736
567 39 829
776 786 521
297 463 196
444 287 745
219 662 471
667 198 289
842 10 145
571 509 394
501 20 501
96 713 894
563 338 554
835 6 292
394 484 127
737 846 225
739 11 992
237 45 891
685 561 149
61 854 909
626 433 6
596 489 729
67 277 497
809 702 130
314 630 867
167 462 494
792 524 168
429 408 411
4 603 517
112 497 754
331 845 94
385 729 537
256 710 68
741 83 325
195 225 790
536 738 557
498 757 987
124 577 676
793 250 853
407 542 215
63 171 865
229 820 145
540 466 183
254 31 335
820 405 461
619 491 661
646 145 867
82 520 880
153 651 212
365 759 493
164 447 658
347 46 224
552 840 476
410 784 741
167 695 796
643 536 811
486 16 321
751 117 528
229 260 233
148 267 622
193 85 275
432 262 727
218 345 157
322 266 547
43 293 60
473 816 894
557 172 95
710 167 70
278 854 50
807 367 318
71 595 61
630 740 161
181 317 728
693 183 519
693 821 344
301 672 146
557 353 95
747 531 636
837 349 600
808 830 485
635 852 881
613 707 313
616 42 641
268 16 452
449 541 535
272 112 484
697 792 480
211 651 193
683 611 303
331 547 668
418 587 751
311 457 530
685 303 126
612 23 714
651 516 291
551 530 632
208 735 623
852 245 286
290 170 64
187 349 540
305 196 579
542 596 501
550 692 234
559 177 262
527 100 552
454 677 897
559 317 950
340 504 515
823 89 906
284 591 668
186 782 786
323 769 483
80 593 948
13 783 627
647 783 567
267 382 763
313 717 980
585 475 151
421 310 423
213 516 471
322 139 460
586 428 134
204 665 466
155 409 422
782 23 269
208 297 392
430 296 468
224 389 46
669 20 419
38 498 868
49 97 628
406 112 438
556 669 710
763 204 473
266 456 210
562 177 532
99 337 878
830 784 485
554 443 611
517 614 981
309 82 263
303 263 761
724 35 544
563 617 503
277 91 152
35 501 217
741 820 20
778 225 530
84 33 767
140 623 736
148 392 107
703 527 983
843 806 731
665 201 584
218 332 477
266 171 240
384 322 121
246 575 430
6 457 612
430 490 522
419 314 664
421 469 577
672 262 547
660 715 815
588 435 289
50 221 361
476 81 542
274 375 17
795 376 686
382 827 797
158 125 582
480 433 277
47 219 431
51 338 882
586 523 491
316 49 274
458 709 590
173 286 499
203 302 316
235 463 148
125 681 573
808 719 526
685 655 899
758 740 110
185 755 629
222 189 664
190 61 348
271 854 613
625 789 1000
145 189 665
657 752 672
248 157 189
669 217 730
650 667 970
408 3 735
659 629 553
649 32 332
805 534 273
380 668 912
110 276 195
572 565 725
769 515 227
475 581 700
643 377 543
162 534 664
736 780 958
620 838 539
656 229 741
655 352 308
703 75 40
238 251 137
415 550 452
157 352 507
14 164 389
616 703 153
665 296 285
604 147 497
268 780 575
151 210 434
418 298 160
753 294 3
247 362 48
302 209 997
302 495 73
106 224 191
191 337 403
502 410 218
522 329 531
418 787 615
517 439 589
587 161 822
413 527 167
855 66 641
578 755 709
413 128 656
402 82 474
666 543 595
37 247 457
293 122 830
427 462 54
799 353 470
697 355 236
455 256 673
640 165 711
825 388 344
496 184 810
167 48 307
243 321 297
33 37 576
155 548 741
239 846 221
499 784 885
641 669 831
84 525 775
266 319 494
827 813 567
647 712 920
416 422 709
528 716 613
286 655 551
157 802 350
85 802 467
13 712 604
508 425 540
447 689 30
795 611 42
82 558 981
445 522 714
644 514 809
373 291 272
521 758 454
371 90 117
790 153 561
384 744 49
324 170 565
81 504 381
226 81 616
715 307 493
336 92 600
459 610 294
352 86 978
675 582 587
842 469 192
30 127 60
429 430 311
33 585 575
63 664 345
451 838 30
814 257 276
245 36 427
631 761 914
179 721 379
436 358 689
487 341 224
627 645 89
844 682 824
735 816 534
195 8 228
299 509 197
35 107 563
287 742 542
607 506 650
339 131 467
260 478 864
634 823 871
277 23 275
714 12 778
248 451 675
363 258 78
595 614 461
250 800 597
717 512 618
471 51 12
214 179 7
311 766 777
428 3 556
191 193 662
66 830 60
263 499 514
227 744 286
545 58 685
825 444 437
352 348 934
149 544 298
303 110 987
738 594 740
390 619 98
817 750 596
296 518 147
655 415 122
720 177 601
134 406 495
477 809 999
410 679 896
461 523 196
146 85 438
197 173 342
462 500 740
443 565 562
101 483 179
118 249 417
359 839 600
633 252 28
331 401 729
502 129 798
721 413 397
613 149 317
398 472 970
686 313 935
599 35 576
736 598 547
806 664 997
363 76 591
22 4 125
678 674 781
749 362 975
401 141 802
229 542 170
297 484 825
70 23 778
442 260 108
660 397 175
734 848 514
334 127 216
644 15 245
163 664 462
143 406 912
775 203 738
384 23 768
287 650 989
240 642 399
293 620 87
71 371 894
278 12 195
298 825 487
695 386 905
659 664 148
399 25 538
164 216 692
587 588 742
248 98 168
388 463 144
385 192 562
232 58 605
244 682 628
26 224 447
470 579 887
9 57 639
214 531 337
556 360 516
486 228 836
810 303 388
548 8 250
3 633 607
312 747 901
579 443 527
814 275 4
36 157 943
589 732 471
461 509 416
464 817 963
70 630 431
136 415 501
468 822 259
677 739 57
264 662 806
102 748 531
204 482 127
639 588 350
751 800 666
213 221 538
134 654 165
557 335 79
409 310 938
286 2 147
477 664 938
191 778 981
337 751 778
339 525 908
794 404 157
546 683 39
115 20 980
469 6 901
422 156 196
751 656 588
166 468 208
269 94 290
655 595 908
657 783 941
41 624 759
617 854 958
233 330 796
675 11 244
97 762 926
279 60 198
650 140 214
792 744 179
811 848 682
18 705 665
519 474 540
106 822 960
711 612 576
301 825 673
630 400 98
732 845 46
671 9 286
40 797 593
499 557 9
491 278 565
623 723 64
598 553 318
472 118 108
749 701 14
253 419 690
264 177 684
214 426 956
747 444 254
768 744 878
280 761 547
497 676 809
528 558 777
523 576 882
626 357 411
711 439 266
541 172 580
180 841 337
815 814 30
167 443 213
159 306 273
681 199 347
714 370 235
166 71 135
821 618 567
732 301 425
613 81 426
382 356 667
593 268 330
471 243 759
529 815 783
375 259 623
841 417 200
186 776 445
601 833 116
591 707 417
551 221 808
455 535 236
329 303 200
661 407 768
483 141 102
44 429 260
340 584 731
710 136 618
742 368 673
426 299 835
402 42 513
578 603 286
736 293 116
39 817 182
531 252 328
381 589 888
17 130 40
524 70 474
195 768 33
611 136 976
183 189 793
615 195 629
699 72 420
368 544 69
74 755 377
805 201 681
8 188 648
434 346 594
177 611 510
843 855 653
504 703 59
101 616 770
595 537 516
498 827 197
656 482 589
534 304 434
547 525 705
458 51 692
25 456 596
228 255 991
802 794 546
444 64 20
793 717 480
204 406 306
577 81 75
261 785 153
792 152 93
732 439 219
298 465 266
146 771 531
246 140 465
343 346 785
156 461 245
261 218 160
64 296 37
86 258 857
645 651 553
306 227 540
191 838 581
230 620 410
237 187 926
772 503 438
219 40 43
699 156 845
602 273 817
375 152 366
566 540 68
816 574 50
334 560 748
336 175 668
12 630 110
845 789 951
314 486 563
137 489 419
81 704 75
318 142 723
2 549 469
650 297 683
198 243 461
4 783 390
416 501 214
809 695 507
617 842 699
676 434 259
332 126 885
525 678 255
237 40 309
362 95 761
283 574 105
165 252 967
145 53 959
583 161 153
126 689 661
567 668 840
521 551 462
452 743 326
360 230 207
423 182 188
835 780 50
404 773 33
343 223 319
343 472 886
766 351 342
418 621 498
673 457 565
339 626 542
373 189 838
436 17 962
425 168 62
92 271 496
823 736 261
814 616 986
602 371 236
825 140 97
676 14 996
749 406 118
490 74 215
801 107 508
218 713 497
752 323 609
343 803 474
125 358 496
761 338 621
463 225 832
82 250 456
443 100 795
461 846 61
652 269 218
477 424 480
63 565 372
409 228 588
3 680 902
564 493 644
215 585 18
43 381 907
577 127 328
108 179 280
766 556 806
384 130 896
657 189 800
765 107 32
795 364 537
248 379 920
300 157 816
585 764 656
852 743 79
748 31 838
540 252 170
414 305 679
212 763 52
327 714 363
231 506 587
287 421 927
28 800 807
605 10 670
562 507 955
313 589 629
631 340 88
136 773 835
368 386 247
214 278 263
207 440 277
466 154 290
474 775 111
760 855 418
274 370 265
360 106 736
696 852 816
458 250 103
836 13 994
602 562 59
510 236 491
402 426 599
840 740 577
447 724 869
548 279 515
303 750 709
840 822 931
685 568 219
325 411 640
548 733 367
643 374 10
791 833 88
328 395 709
213 52 804
42 53 441
77 26 822
615 689 313
179 439 354
9 646 209
161 777 459
508 809 463
286 605 311
404 457 156
632 839 229
406 370 397
661 598 257
508 389 119
351 729 215
804 127 766
844 828 774
268 603 380
502 746 574
32 712 549
390 685 201
389 90 97
431 566 704
197 513 848
228 474 548
220 715 7
400 130 641
809 91 71
764 703 262
402 159 560
166 159 387
713 93 823
135 127 143
757 246 268
172 205 35
366 95 10
148 829 881
112 154 482
298 565 627
816 684 571
431 331 132
1 7 196
805 730 120
237 699 250
121 482 180
723 406 315
11 340 901
132 556 392
39 756 123
395 483 959
575 780 709
622 523 741
443 194 826
126 481 172
839 340 914
554 605 411
467 94 346
362 581 521
297 845 591
142 617 416
621 665 989
93 506 82
168 573 760
86 68 884
417 667 600
623 669 649
724 723 652
416 319 920
763 167 928
482 797 566
106 215 114
670 498 982
760 227 162
340 245 350
527 472 480
381 700 120
561 335 779
144 831 169
371 288 614
198 78 398
546 371 177
656 406 335
308 404 367
354 441 51
157 744 572
839 318 525
101 583 530
790 490 139
448 619 475
507 422 425
600 45 739
310 252 10
623 837 626
597 141 228
69 506 745
854 42 163
742 462 837
75 791 512
387 297 188
656 22 271
662 694 226
424 574 394
589 537 297
311 287 624
355 232 553
106 61 846
441 463 634
717 135 388
780 178 492
6 751 822
498 677 163
702 135 865
243 158 485
394 221 152
81 578 413
741 670 660
87 276 769
606 126 480
11 355 923
210 555 621
593 607 676
661 446 464
446 718 228
822 324 53
696 91 926
824 350 527
188 794 816
85 287 451
631 557 61
423 176 107
583 255 947
799 427 110
799 14 635
297 312 428
124 505 708
183 574 592
547 18 251
502 771 88
749 787 236
539 384 317
285 554 428
293 680 614
147 276 274
135 156 596
225 721 388
369 7 782
509 267 948
12 495 4
796 655 847
26 733 499
682 185 718
509 670 76
576 215 198
507 373 564
384 462 782
802 449 784
131 197 838
67 286 440
354 162 646
233 172 805
646 707 24
489 81 558
323 212 161
297 647 889
739 827 465
452 278 455
253 62 141
268 145 29
556 710 904
95 217 436
269 487 314
738 368 851
846 437 673
335 126 575
366 645 346
40 121 368
479 753 908
169 308 155
539 796 979
811 311 965
358 572 797
210 337 967
429 179 330
657 560 951
662 621 289
410 187 880
239 621 120
252 398 808
615 117 141
516 693 861
617 628 460
531 504 842
450 315 189
507 470 433
677 400 8
67 114 488
114 185 510
728 682 340
734 706 150
555 716 664
338 748 121
242 60 716
93 517 82
192 21 494
595 357 385
690 262 829
225 855 442
491 368 341
785 367 56
613 225 428
321 369 649
211 831 145
275 178 200
446 115 977
854 196 117
765 704 295
836 495 937
572 277 633
154 306 755
619 459 620
112 812 32
239 791 424
616 70 36
683 222 515
802 517 882
247 809 305
694 119 897
612 339 18
372 533 507
548 28 222
610 834 667
249 431 428
820 179 520
494 46 463
574 16 218
373 850 646
465 740 638
477 423 162
463 742 676
269 618 187
669 237 650
616 304 911
197 415 228
625 187 174
419 307 695
338 301 357
193 569 776
420 199 548
189 573 261
286 357 3
400 698 346
766 300 523
259 32 605
275 431 777
392 652 64
222 346 139
332 515 418
114 660 177
248 795 917
791 293 300
826 585 414
542 122 144
697 30 226
234 352 192
533 598 755
199 357 934
424 239 415
659 32 15
793 674 642
423 740 8
778 452 25
346 6 132
854 620 623
163 798 947
629 746 888
396 720 777
620 375 892
369 32 104
792 22 170
336 8 490
553 757 825
798 141 45
630 455 474
394 692 366
285 130 824
623 216 933
852 45 216
354 691 475
779 602 974
358 309 463
118 830 194
761 616 572
37 444 607
543 558 737
602 499 515
779 224 672
498 87 7
755 812 330
19 612 6
649 720 823
734 780 327
782 162 434
339 191 852
121 562 753
359 191 953
256 326 738
171 235 506
322 227 8
664 824 251
704 511 85
546 101 66
465 152 884
275 698 951
485 242 86
727 331 683
394 545 645
281 404 934
644 562 913
789 292 383
49 74 691
96 697 120
797 202 274
223 745 406
206 543 409
208 648 467
187 376 93
156 341 698
279 631 672
392 549 723
16 553 6
563 167 161
82 584 384
357 73 818
233 414 209
843 541 151
180 438 232
283 479 837
756 555 340
468 292 73
553 263 375
294 607 589
407 3 877
823 398 123
264 136 655
5 159 481
620 109 164
213 387 339
73 716 377
498 78 817
705 70 825
66 407 326
335 567 138
522 711 669
226 793 118
136 607 537
32 48 253
337 248 227
42 116 505
389 344 339
343 495 629
666 822 653
162 608 404
358 185 476
41 424 886
379 604 988
718 416 581
626 259 469
241 326 284
107 505 890
697 280 930
220 322 107
330 29 72
114 148 464
464 285 387
3 243 860
368 258 629
452 258 692
849 308 74
194 363 17
648 292 604
286 219 941
172 567 886
268 315 469
506 279 561
202 25 726
518 812 236
376 194 48
63 661 955
67 768 350
466 169 650
191 372 627
791 454 203
214 116 485
682 679 759
450 110 924
706 779 306
740 280 38
