1000 9888
877 357
65 975
432 570
87 346
54 385
789 722
579 226
224 552
104 130
88 519
177 842
867 388
610 660
536 815
954 514
973 294
276 618
781 755
592 6
630 578
869 742
283 207
212 735
854 154
821 835
790 754
94 287
961 64
943 464
601 233
641 985
985 74
930 733
123 780
338 612
429 955
670 651
984 142
692 839
476 506
238 649
413 397
317 774
601 395
675 908
986 113
132 151
723 920
120 707
690 243
145 302
638 404
842 153
871 22
675 379
13 320
348 113
956 368
561 320
725 724
693 835
824 910
326 536
900 863
975 389
408 181
392 794
500 987
837 877
653 385
420 673
486 70
243 123
323 416
535 146
17 765
807 477
189 774
591 876
832 603
908 11
886 532
802 191
710 604
807 434
722 134
171 404
979 525
233 851
417 608
652 78
366 81
578 585
623 272
513 978
316 749
133 993
155 553
119 280
583 617
403 287
804 145
170 102
911 7
815 678
212 652
351 942
839 289
752 393
476 777
238 984
386 545
761 685
449 199
657 922
469 140
402 64
89 409
36 688
335 356
652 618
842 402
820 272
605 518
680 867
37 42
758 44
306 960
607 662
563 46
88 206
731 868
681 95
969 167
667 28
64 119
871 340
709 649
286 730
308 834
40 480
570 256
88 492
148 526
809 332
538 146
331 688
440 394
410 550
10 619
602 797
129 431
37 622
832 761
573 428
775 816
390 342
384 283
104 608
470 595
788 700
572 731
738 719
206 73
580 190
690 682
432 134
766 129
335 540
67 402
233 958
696 578
803 358
767 569
858 594
828 915
229 138
863 975
690 184
519 243
172 990
102 539
964 322
631 998
695 466
647 335
191 211
547 587
215 713
754 61
833 394
687 595
651 537
144 689
677 617
518 331
42 16
40 828
890 444
66 138
288 112
159 919
476 749
636 949
692 25
731 565
807 760
352 914
574 221
544 770
691 419
140 491
296 848
624 846
571 841
162 76
496 465
248 594
320 47
361 981
487 141
933 51
573 12
520 232
758 8
279 129
762 71
57 712
329 128
511 232
573 125
95 489
904 662
447 880
643 115
94 884
402 596
226 507
136 975
893 625
624 266
127 937
239 611
116 414
888 367
617 599
746 885
859 574
823 859
783 932
663 306
338 3
841 1000
599 545
874 96
125 442
612 956
229 460
822 774
585 380
489 407
441 212
341 627
52 506
916 99
594 389
298 838
390 953
251 874
712 200
750 256
471 353
466 339
954 781
39 93
495 367
798 922
582 893
252 112
460 69
502 712
576 145
354 435
282 660
828 802
946 655
85 193
144 669
313 462
920 546
668 320
544 350
247 173
963 644
5 273
598 112
203 408
325 901
911 642
383 147
207 353
356 857
892 635
287 473
697 899
169 314
463 184
490 358
606 72
199 658
41 880
667 196
174 52
946 53
69 162
533 755
75 529
295 800
371 390
705 442
407 694
746 710
323 555
310 295
573 355
666 7
84 656
880 543
44 262
409 903
484 461
528 187
529 918
824 866
935 630
750 102
581 970
540 651
784 356
332 920
55 351
599 698
565 582
548 404
879 410
699 768
681 781
646 777
504 101
693 290
350 735
239 408
191 53
466 756
964 267
860 420
4 744
496 932
764 200
765 353
837 916
15 488
219 325
204 23
167 157
632 554
303 429
52 99
146 408
420 719
151 617
462 794
912 879
360 956
773 94
8 88
852 569
963 608
697 332
669 782
545 768
347 513
621 21
805 629
1 802
761 498
744 736
377 505
924 246
910 187
627 813
792 790
136 730
523 934
619 909
145 412
633 342
424 213
540 291
884 654
741 771
740 938
643 75
75 573
435 661
300 237
513 484
749 838
733 65
847 201
467 394
998 111
600 394
287 902
93 851
480 280
800 59
379 522
955 297
3 740
243 235
280 31
63 828
944 6
737 299
90 890
56 966
563 258
831 315
228 204
78 29
711 785
860 281
848 305
497 805
389 912
137 404
907 360
739 553
318 420
47 622
305 553
223 361
189 457
7 600
673 4
782 358
536 780
590 901
982 121
808 652
57 920
132 78
406 549
100 986
799 950
873 734
89 469
476 697
331 230
43 554
290 110
725 442
752 360
858 471
724 262
227 294
304 761
568 362
880 12
132 669
352 725
786 368
736 587
936 413
240 826
95 500
528 711
69 233
307 468
331 546
633 934
117 253
889 12
250 478
841 145
684 585
693 821
641 666
440 965
917 317
519 665
609 127
257 2
748 211
810 958
171 580
8 100
724 920
891 352
586 921
182 68
480 292
210 373
51 907
68 107
110 426
425 836
37 976
599 866
821 292
436 838
555 504
258 910
104 942
600 819
426 207
7 926
472 513
119 310
208 11
996 124
264 781
962 188
986 54
125 586
420 688
756 604
99 371
673 32
412 12
985 374
895 735
479 100
624 609
596 527
610 460
319 604
805 261
365 270
296 299
134 867
808 390
260 797
672 437
372 721
92 604
681 41
758 9
151 85
482 780
992 961
41 795
667 251
46 228
952 643
849 857
504 10
231 105
767 11
664 658
844 768
558 242
944 642
83 206
230 419
641 742
509 248
571 357
183 123
608 840
689 210
466 205
283 897
837 169
990 606
441 505
374 893
896 323
971 953
667 724
707 899
471 2
368 801
305 35
849 182
615 395
176 344
506 947
694 62
773 421
918 566
371 775
869 12
391 722
291 16
396 804
294 283
24 203
632 416
46 860
893 263
640 21
884 945
111 318
513 727
995 459
977 820
428 868
450 940
693 16
971 338
616 3
941 802
66 124
433 807
415 851
143 480
627 645
645 46
792 494
186 837
247 229
13 948
215 562
473 151
522 650
49 864
981 637
454 153
682 436
776 49
43 626
921 119
134 847
174 744
929 629
434 173
827 718
437 790
990 663
937 297
302 140
217 436
781 959
168 255
723 879
337 355
282 107
283 734
45 952
712 587
657 318
253 949
415 90
888 396
651 472
706 773
763 860
415 958
841 58
628 342
497 764
331 968
704 366
689 254
488 905
451 287
418 972
883 256
654 857
505 926
785 700
456 246
628 116
441 134
902 277
944 27
157 322
654 942
641 29
479 619
9 475
561 92
871 513
30 99
513 190
169 669
668 737
485 343
712 229
20 172
792 189
134 348
816 771
119 641
618 755
712 372
108 549
678 665
81 347
590 802
750 127
473 465
769 524
184 28
424 523
612 100
924 168
670 348
988 503
706 16
319 519
602 417
730 154
273 939
346 611
899 907
701 299
901 613
386 893
776 45
522 561
970 376
486 554
31 257
373 956
882 604
253 646
245 143
611 224
114 824
248 506
840 734
804 377
879 807
805 128
737 842
314 749
558 840
451 588
74 237
956 131
98 759
26 72
283 555
957 393
876 426
605 228
163 81
111 623
844 840
370 535
779 267
41 673
205 679
978 105
896 412
276 502
426 551
29 714
214 590
361 10
949 905
785 664
618 418
432 875
966 1000
440 125
718 121
902 384
834 586
167 562
507 449
920 95
908 773
204 732
856 861
564 534
357 304
124 29
824 443
160 971
593 2
371 620
82 521
994 614
939 171
788 622
910 13
928 344
587 765
711 661
57 814
905 120
264 112
321 97
820 77
221 968
67 799
187 856
994 328
223 14
460 364
549 666
92 859
843 949
312 715
406 62
246 468
52 275
568 508
364 103
644 49
701 160
999 213
725 42
429 925
212 467
216 22
877 287
914 299
148 955
729 401
903 693
90 362
528 681
322 670
108 243
36 912
739 339
80 852
409 258
121 8
271 30
987 893
969 474
992 917
921 415
23 235
154 118
282 419
999 242
430 219
110 879
496 627
137 793
62 806
1 378
740 286
499 421
779 311
656 442
931 823
884 784
923 756
84 568
438 499
349 556
358 314
876 707
971 877
578 905
315 725
945 894
530 804
323 62
108 824
324 269
346 197
937 830
422 694
208 238
10 60
121 791
985 554
694 962
350 660
132 495
262 862
284 290
671 438
802 419
416 362
436 101
277 97
868 928
225 930
191 221
104 77
692 342
68 552
860 540
115 834
555 54
743 901
462 800
212 563
194 66
378 295
531 961
402 119
384 534
170 491
333 525
744 908
783 96
624 610
97 742
792 514
190 889
247 888
808 504
695 912
790 696
498 686
296 456
986 619
753 940
687 913
787 999
97 817
784 226
779 919
799 600
468 200
884 592
631 677
521 84
174 30
781 78
107 9
219 755
735 667
910 413
995 550
335 9
410 240
912 18
966 723
384 475
516 412
918 893
847 98
634 349
822 676
434 605
571 356
257 252
280 779
528 81
16 773
988 75
370 450
45 134
893 962
824 823
276 430
59 790
99 837
194 627
926 416
305 426
180 514
306 837
309 418
55 322
495 395
775 69
135 298
489 294
767 735
660 251
147 296
294 393
884 345
389 427
47 707
621 602
968 51
345 487
788 39
648 594
497 236
426 160
669 228
337 891
603 96
381 594
892 466
39 44
333 719
946 826
177 803
108 593
588 331
237 115
640 533
208 903
62 102
122 981
817 787
766 860
329 661
77 603
812 530
467 515
998 813
711 284
442 847
247 860
982 273
144 957
365 497
791 757
776 50
563 330
804 608
587 112
734 481
257 739
368 170
973 835
614 779
652 556
633 649
895 822
718 789
301 299
139 592
601 477
639 317
658 876
435 413
143 980
442 387
106 788
487 401
434 799
662 991
790 128
791 185
461 566
88 422
453 146
681 695
311 20
331 890
774 165
444 443
597 619
12 151
568 863
182 227
477 445
44 256
779 383
609 422
396 874
99 784
564 878
712 953
218 838
200 109
703 613
358 683
863 867
275 266
262 4
786 393
968 225
107 863
309 55
63 248
871 657
142 713
289 43
242 77
65 972
636 413
622 216
364 696
932 890
919 640
958 254
280 449
285 880
663 4
734 897
836 739
646 68
762 598
599 361
329 689
114 373
668 166
624 682
381 969
311 662
494 536
578 87
852 938
155 394
235 856
623 581
147 734
867 111
601 31
965 518
325 871
917 867
558 623
10 897
961 871
356 895
983 710
144 839
731 797
236 469
454 420
130 486
978 546
61 286
377 217
782 657
922 259
325 42
970 977
612 456
26 73
580 528
430 815
412 846
150 190
615 14
895 366
951 8
917 392
663 372
775 862
889 961
84 549
103 331
141 618
404 902
633 452
943 896
972 543
229 2
309 410
702 579
65 654
210 433
270 495
652 999
686 651
691 799
980 940
623 52
271 963
772 548
122 555
513 832
773 158
702 268
796 332
200 724
5 437
702 180
731 701
623 379
114 665
334 304
471 879
113 343
856 708
757 364
355 238
969 622
130 680
187 569
911 708
978 631
524 559
591 981
503 984
417 941
990 883
748 412
767 384
936 46
719 301
79 898
714 723
227 919
763 569
987 749
58 651
724 196
796 601
429 96
70 760
154 911
206 178
244 97
318 808
67 744
504 462
79 560
421 797
524 194
289 684
270 830
915 711
640 628
127 334
600 535
195 221
935 649
318 661
964 175
911 416
141 880
580 95
759 809
33 500
513 898
396 770
715 825
424 791
265 201
581 563
472 515
364 625
354 571
116 654
427 301
968 535
316 210
536 251
8 308
563 674
686 897
199 392
673 38
448 474
796 420
389 778
428 800
273 993
312 889
858 503
998 586
247 891
104 507
992 348
416 791
456 836
623 524
442 795
596 632
265 534
711 892
239 936
900 440
562 651
778 860
508 927
869 784
827 533
554 807
611 170
615 658
541 555
701 354
759 949
415 322
731 837
939 692
442 492
745 781
83 498
14 580
733 372
277 286
170 846
615 880
62 880
47 467
322 901
20 624
828 415
225 182
499 275
28 727
949 701
352 63
466 203
908 438
430 982
569 906
196 964
862 565
422 870
611 759
480 339
999 324
686 579
859 721
509 984
591 142
370 318
851 309
266 69
31 327
949 960
896 244
405 894
464 214
765 120
641 160
181 231
38 560
419 526
169 679
993 629
868 871
138 234
232 193
833 647
15 352
53 884
290 289
195 459
76 338
95 694
918 679
69 280
405 592
501 747
859 157
254 705
590 287
938 260
21 544
316 656
838 885
363 663
485 328
263 820
341 180
146 450
369 139
116 293
922 912
255 739
829 304
96 956
578 112
101 695
194 329
912 548
402 378
41 458
473 379
282 804
391 585
14 407
2 423
238 53
939 702
796 221
539 776
827 561
849 921
26 336
447 768
709 701
875 205
637 971
763 624
72 925
804 470
75 530
685 469
577 756
267 324
471 666
417 695
879 995
19 13
404 939
581 149
840 273
569 821
417 544
879 592
127 735
366 637
150 258
135 218
951 337
987 499
578 356
591 253
777 657
640 362
514 217
793 223
703 612
7 173
524 281
926 413
858 878
958 562
775 168
797 656
944 236
696 637
671 822
467 994
940 271
155 577
689 869
506 695
358 956
198 673
659 337
364 697
539 627
617 319
263 800
432 653
812 184
591 855
575 114
29 330
123 19
86 133
217 986
312 834
294 118
302 605
599 473
991 19
558 658
207 544
303 125
415 599
881 173
682 406
78 971
955 912
445 476
620 334
30 878
624 905
883 900
274 676
50 447
135 634
887 657
141 165
499 73
684 977
61 398
233 505
50 225
306 375
879 918
680 56
873 308
922 29
616 874
771 784
210 106
945 229
747 145
718 306
519 711
371 133
387 936
962 864
923 746
380 717
107 655
915 682
291 324
206 113
48 127
105 98
214 588
585 424
34 190
181 317
474 297
826 66
58 40
955 298
760 962
44 11
284 570
980 719
819 843
750 733
534 738
206 787
393 918
768 882
342 339
767 662
57 481
574 542
759 518
695 169
318 472
290 361
424 971
42 262
226 619
588 317
138 397
152 745
47 984
506 314
747 904
877 985
125 532
81 151
347 518
262 108
194 495
344 256
878 445
99 281
455 20
576 763
186 891
406 568
208 735
70 757
606 459
91 650
393 44
529 356
782 54
588 961
293 43
994 424
857 999
289 341
130 380
541 582
355 463
563 50
657 73
880 158
114 858
244 989
634 101
406 465
112 327
757 153
373 352
953 812
353 988
573 857
905 869
211 490
838 197
164 358
130 156
97 471
707 650
616 981
763 774
324 218
624 448
48 332
215 272
110 574
951 156
718 185
68 775
637 311
664 885
665 476
258 538
102 829
582 619
699 251
33 403
211 919
656 632
622 439
276 857
775 257
436 968
466 699
215 852
892 56
985 714
521 360
439 711
467 760
531 963
256 547
602 500
235 517
342 827
437 541
924 1
230 824
781 392
449 167
753 977
401 68
313 656
628 580
460 481
687 802
361 840
801 443
360 661
435 229
669 612
710 272
161 949
221 381
900 328
65 273
305 770
801 645
58 586
353 30
61 325
597 883
280 633
710 50
343 959
839 986
148 703
584 332
939 896
923 263
301 487
875 14
412 768
400 824
720 973
990 493
961 761
139 357
973 125
568 837
275 933
645 847
202 345
85 966
11 943
144 332
258 471
220 511
96 53
666 193
443 344
372 290
593 715
656 311
324 77
586 952
625 918
626 588
829 593
954 55
34 715
171 323
197 763
733 985
385 481
541 93
299 39
357 485
512 436
785 896
993 741
946 937
708 562
727 44
858 173
293 59
989 785
919 894
756 524
70 543
450 939
820 894
170 58
912 775
60 541
351 14
579 811
180 814
235 737
861 685
75 120
583 897
523 720
691 274
375 261
371 214
786 2
715 168
660 543
86 459
839 11
164 257
58 780
641 136
978 941
904 856
49 583
639 430
580 199
592 213
641 948
643 194
771 25
365 674
170 912
926 951
981 424
116 165
143 839
378 127
900 578
466 394
12 2
567 976
737 13
311 22
949 656
794 256
219 72
421 835
614 292
954 233
578 813
926 285
478 100
124 679
949 946
785 689
788 368
759 799
561 138
779 95
484 303
945 811
124 278
419 604
202 852
815 910
431 913
247 329
926 188
910 545
358 546
967 592
823 965
122 533
263 629
697 5
825 56
589 47
592 989
792 303
385 751
868 122
655 317
484 867
530 415
821 172
472 482
762 596
431 469
624 605
330 728
477 535
722 882
482 399
445 249
964 715
948 278
535 560
725 418
763 211
140 472
844 304
248 543
355 325
122 56
947 9
969 705
787 944
904 884
743 403
175 167
587 239
36 895
787 545
493 404
79 827
580 892
62 559
247 753
931 746
18 561
349 1
757 132
373 139
379 962
13 490
398 668
22 24
661 200
301 47
563 868
717 677
277 198
797 783
357 1000
908 208
144 261
534 22
336 541
427 758
564 989
802 982
840 157
382 260
242 683
315 349
285 381
31 393
548 293
533 418
698 150
238 327
738 663
461 28
499 153
723 884
855 460
965 412
200 282
453 712
772 768
220 709
370 48
450 159
354 674
911 318
530 737
380 114
518 70
346 945
40 764
442 672
864 574
522 924
688 492
617 282
319 838
950 556
810 565
831 975
854 72
783 68
204 789
901 137
596 759
902 594
209 681
673 378
415 933
398 141
271 385
701 332
762 842
246 43
339 759
13 842
179 30
518 541
832 308
801 798
27 82
322 618
911 710
445 336
969 334
662 699
793 568
500 320
908 223
434 850
880 238
607 341
540 434
762 270
761 932
639 68
362 240
243 628
183 994
165 595
519 516
740 773
779 731
173 200
102 246
747 239
270 994
804 126
609 2
357 615
872 844
562 184
910 18
206 35
443 319
484 385
727 455
140 757
977 256
704 472
686 344
232 457
656 347
59 892
688 76
779 103
584 13
396 941
271 771
972 652
168 788
836 483
397 873
859 2
522 861
347 214
77 961
831 168
431 574
858 214
877 666
509 630
972 882
367 904
354 569
281 885
963 881
12 963
13 927
329 877
346 917
510 896
795 600
388 146
317 276
449 388
252 335
386 623
223 222
78 759
796 422
982 479
212 685
484 749
695 892
809 821
544 422
781 391
998 919
32 138
967 92
626 350
94 216
756 659
833 88
811 297
835 758
486 614
696 336
606 311
18 964
383 250
957 55
227 326
389 699
286 793
500 960
821 600
162 316
607 171
993 259
478 341
478 877
960 99
139 390
385 91
218 929
595 273
387 692
871 238
724 107
762 290
653 145
585 811
178 371
287 151
413 605
675 310
859 565
107 296
696 60
77 464
573 459
371 207
945 44
599 722
555 685
628 493
297 865
282 952
581 977
413 895
215 311
406 14
150 582
153 290
357 2
909 683
346 550
937 910
954 52
498 656
209 11
238 616
802 224
161 232
713 395
665 296
205 223
217 610
595 939
284 658
121 816
894 725
755 177
848 509
349 832
562 566
284 257
341 848
41 55
137 71
464 389
860 739
493 6
593 472
868 214
209 471
347 861
807 949
496 133
632 753
181 354
193 123
321 46
639 762
914 61
41 447
80 467
852 913
263 980
624 784
363 324
679 460
833 36
373 995
411 202
710 482
801 582
341 261
677 251
454 44
147 564
532 143
4 363
908 897
236 492
994 192
887 655
871 266
568 661
257 898
978 716
269 859
148 604
496 559
575 835
453 670
515 172
737 12
148 858
629 22
267 924
686 71
49 2
547 287
212 58
73 388
202 736
591 78
97 286
336 562
941 11
11 970
546 206
840 354
551 716
872 531
874 65
12 496
513 189
716 924
823 920
680 410
660 299
988 840
846 90
124 366
464 180
376 544
198 901
509 732
121 99
114 172
462 722
871 658
946 84
397 945
388 310
328 530
275 493
928 541
885 786
428 565
871 739
86 953
147 39
631 407
6 286
946 733
892 97
712 455
592 109
204 99
596 877
712 265
118 505
617 462
212 630
251 216
973 195
810 551
578 35
635 190
216 224
932 541
4 41
960 751
902 518
27 216
285 512
109 828
682 404
759 134
942 674
360 750
236 65
273 444
383 178
577 27
991 320
792 906
297 364
5 231
529 41
758 815
182 561
444 372
615 882
504 215
804 500
805 797
112 428
700 37
439 51
154 129
887 945
568 911
698 962
970 815
431 701
594 883
775 714
408 268
561 378
214 864
571 161
662 216
665 164
496 809
758 561
262 298
492 913
606 613
480 285
667 739
674 285
177 339
159 327
716 896
534 369
367 32
738 660
261 499
483 575
530 828
362 736
570 77
935 375
744 472
561 774
417 14
280 191
519 133
498 115
815 786
485 375
640 34
949 216
199 457
699 513
276 822
522 10
650 199
834 872
288 20
268 838
124 136
472 985
19 12
649 389
834 923
262 656
891 214
428 680
435 721
648 843
276 532
540 809
652 947
804 886
731 702
180 168
623 388
181 657
165 316
756 989
854 184
716 185
406 681
446 702
69 545
195 890
804 596
829 742
866 253
813 930
139 703
963 669
433 478
127 751
58 965
683 622
627 581
825 358
892 696
605 433
970 30
922 861
631 733
374 686
710 212
701 783
154 114
737 194
491 799
383 261
387 744
750 835
508 570
715 524
274 842
576 502
600 508
14 824
326 638
186 165
449 829
249 515
486 368
237 694
914 909
790 660
760 113
483 714
50 711
345 749
346 350
536 258
884 210
958 633
742 144
751 162
682 615
917 252
101 121
431 584
693 357
346 112
17 431
497 196
462 522
614 909
447 210
254 812
566 140
380 151
219 275
978 191
650 251
564 357
42 970
854 506
322 139
937 939
147 972
890 454
127 289
526 840
44 505
87 638
19 262
717 995
441 600
632 837
134 725
283 141
891 976
873 701
910 90
14 15
939 623
368 51
494 727
959 286
649 236
613 547
27 128
527 215
730 449
138 948
19 484
277 712
445 258
499 935
72 646
321 890
182 735
238 288
947 241
786 337
918 306
939 885
724 5
106 828
486 739
933 287
934 552
299 236
838 148
141 380
778 873
662 934
849 224
11 304
638 289
584 78
220 74
149 962
331 803
150 357
137 906
214 680
505 532
814 831
48 170
414 569
287 837
950 143
225 518
153 289
85 806
140 617
695 249
110 331
312 510
557 248
975 665
994 235
634 797
341 637
531 549
604 181
16 694
642 918
939 822
828 845
707 164
696 723
381 509
474 1
387 695
760 1
445 896
835 8
289 252
678 630
882 21
739 612
711 506
90 448
455 184
717 165
609 804
708 568
857 354
786 862
196 582
722 652
374 187
636 202
743 519
697 314
592 574
187 900
848 826
52 858
623 557
735 39
687 960
799 794
675 776
143 562
331 306
478 167
932 945
71 300
734 116
350 381
300 594
502 424
384 445
932 159
805 151
378 854
239 687
386 39
649 635
852 86
31 851
748 487
743 220
108 861
55 969
14 982
516 636
295 687
966 340
432 102
34 294
515 333
672 880
451 147
234 289
785 695
722 547
384 72
376 946
141 804
202 850
828 994
7 831
727 236
533 403
366 188
261 176
415 880
65 775
751 75
773 63
958 787
834 773
872 464
485 419
234 741
521 341
592 110
599 357
855 991
14 165
735 357
538 27
646 478
190 938
359 593
491 345
130 593
627 533
803 872
797 745
105 771
532 512
905 342
832 298
144 716
773 651
136 704
799 655
947 184
531 441
255 119
884 613
701 121
408 704
64 98
16 389
398 755
383 403
41 854
965 949
912 207
16 20
842 128
862 327
133 268
921 311
634 302
675 352
13 377
783 885
534 165
899 360
421 916
372 70
45 40
586 796
519 704
561 458
67 641
193 974
177 449
710 693
54 905
78 3
153 360
620 578
785 659
733 893
185 831
665 453
168 683
443 499
923 781
564 765
288 256
772 770
76 439
205 21
480 636
447 40
622 414
713 578
260 115
275 411
167 89
868 826
820 901
124 26
678 559
56 810
801 80
218 194
458 597
864 560
5 32
449 446
307 776
647 518
691 386
761 508
494 585
140 542
891 55
677 336
701 330
478 93
669 748
208 343
748 875
217 213
438 767
938 799
723 607
541 466
544 122
507 556
291 971
454 117
421 445
740 534
887 705
139 527
446 921
610 102
317 916
87 65
728 997
601 281
841 266
642 301
143 776
771 83
663 65
335 48
871 418
709 259
858 975
878 48
16 599
538 728
135 889
211 495
997 15
548 22
932 437
970 832
384 355
41 620
775 809
188 901
125 318
70 481
861 490
883 334
560 859
728 545
328 111
954 175
167 654
189 946
939 167
183 416
299 20
466 916
12 520
824 638
732 415
627 115
186 375
3 855
333 452
262 960
85 611
379 266
55 248
898 728
133 957
209 207
7 916
356 10
86 887
858 212
731 78
916 436
898 843
528 713
134 281
63 397
800 709
85 325
90 493
960 106
618 583
248 300
17 702
380 374
218 329
204 164
562 978
506 460
472 212
760 743
998 917
350 586
700 571
228 566
888 843
897 639
759 216
209 804
6 728
915 395
123 314
531 275
236 123
678 102
239 948
292 103
339 770
516 212
554 803
832 129
939 743
174 944
35 490
189 627
737 772
978 742
245 485
541 728
870 956
763 616
247 699
224 288
798 823
103 88
340 382
713 541
419 105
119 966
410 364
177 47
415 123
132 997
956 311
851 219
461 718
710 866
714 353
480 343
457 177
253 126
625 907
370 314
443 458
119 661
409 718
709 440
655 745
547 976
954 50
335 761
391 699
530 773
436 800
424 872
756 361
270 427
91 154
275 467
392 277
266 306
752 667
628 593
868 65
657 680
307 979
159 850
53 251
539 652
134 404
172 735
856 568
817 790
105 516
895 761
694 636
492 188
735 256
684 711
96 961
272 367
964 722
624 643
338 745
283 550
854 225
697 682
762 896
356 753
992 645
994 111
995 794
155 195
943 26
468 122
666 765
932 309
295 840
227 578
945 275
670 960
913 829
607 431
492 941
558 161
409 110
527 750
89 918
55 249
719 150
741 970
941 248
46 484
948 168
31 112
180 862
897 882
935 926
385 6
874 60
379 758
106 66
107 679
401 1000
606 655
354 968
760 59
85 840
659 539
709 142
286 209
768 880
841 798
475 8
563 300
337 47
375 531
600 723
552 736
949 800
436 661
872 307
29 770
531 576
881 571
560 464
153 954
436 939
823 553
238 123
602 230
688 890
199 372
716 290
312 104
160 172
878 58
13 577
195 610
731 340
91 483
986 778
832 444
961 88
517 467
166 259
848 950
340 242
341 295
413 175
523 991
120 401
224 394
903 732
282 38
675 517
127 8
460 651
666 320
953 788
861 227
555 952
647 922
610 421
637 604
1 272
597 522
235 441
416 545
98 979
546 639
654 882
824 773
306 548
364 989
558 270
472 644
494 112
181 313
293 863
76 545
774 294
491 250
47 431
872 303
523 192
742 980
711 697
902 164
138 817
966 20
783 582
111 380
313 301
385 712
425 299
227 147
267 748
109 107
20 428
829 658
460 283
189 307
877 248
221 451
123 51
964 667
131 486
630 422
756 869
907 813
394 840
347 824
577 219
833 494
890 130
89 481
291 637
186 701
260 800
282 792
783 404
54 422
791 937
761 256
444 52
961 838
947 151
452 607
549 119
571 515
681 71
303 938
955 681
376 337
283 751
47 382
804 411
163 277
201 938
426 961
944 526
748 296
418 701
326 850
206 260
944 669
616 842
158 683
395 215
567 789
970 833
150 351
119 914
690 320
72 183
163 192
223 976
23 564
319 461
46 655
430 558
324 85
557 619
258 615
837 800
176 36
891 260
738 276
332 991
12 521
986 364
534 170
312 981
392 491
893 435
671 303
655 938
837 563
792 351
792 76
258 824
82 596
636 339
871 724
533 315
171 150
688 316
378 446
566 317
109 446
40 731
203 825
369 17
960 924
796 306
100 135
393 225
181 850
768 275
899 555
530 303
80 347
153 539
768 386
826 760
331 42
868 275
29 447
623 523
899 969
459 846
373 780
982 382
514 688
142 369
809 980
222 35
532 462
72 648
954 306
804 900
616 821
95 465
671 536
28 526
308 814
883 670
511 353
115 520
386 240
685 492
711 253
268 236
676 241
770 106
510 43
607 475
135 860
703 322
565 258
851 218
429 464
474 715
400 730
980 557
824 829
785 713
401 85
936 587
79 417
816 161
157 375
124 270
508 173
219 34
422 581
738 858
724 665
506 954
432 809
531 551
16 680
76 504
423 101
984 911
211 951
91 157
594 268
247 278
708 772
855 215
109 273
915 162
842 974
912 615
613 593
483 164
183 335
129 666
579 158
388 629
698 174
911 71
289 476
933 923
610 632
85 186
412 414
381 831
844 441
316 866
744 893
160 478
736 957
886 183
183 385
182 782
437 799
484 251
705 231
444 13
616 454
286 888
197 323
587 199
291 898
790 440
60 93
487 158
784 769
400 122
455 540
813 650
351 687
653 33
356 935
291 224
224 205
603 843
179 535
864 285
295 681
832 827
849 219
376 103
125 372
732 796
658 667
879 607
542 517
104 529
504 963
548 190
861 465
104 672
176 267
897 19
236 849
55 271
681 996
223 697
206 905
501 835
361 160
181 341
698 97
102 468
738 894
644 619
750 693
826 141
864 968
612 702
246 916
584 471
492 620
493 197
789 872
313 167
304 560
878 937
226 375
209 423
119 188
158 488
270 166
227 199
532 300
114 367
207 702
541 170
930 239
680 594
447 872
117 685
423 546
526 177
431 55
218 544
334 934
504 909
491 121
627 821
26 270
979 412
359 390
676 452
288 525
677 109
400 215
887 620
49 752
14 662
75 932
27 793
236 753
988 531
81 560
373 312
533 896
291 109
37 625
221 244
443 166
980 391
512 901
54 796
951 6
348 249
332 726
849 580
188 594
279 645
493 715
557 28
686 320
980 613
668 462
58 53
203 807
559 931
121 659
983 247
771 723
756 307
546 696
100 319
819 56
964 192
158 155
752 966
586 734
3 906
985 576
207 474
437 497
275 10
350 562
960 770
741 992
12 987
30 679
310 505
169 924
540 693
407 492
30 755
952 85
274 193
683 167
622 984
143 289
43 872
939 334
868 376
247 877
549 643
507 960
515 527
860 964
848 772
17 387
365 435
300 758
862 608
49 562
967 410
921 82
361 625
676 504
236 311
952 512
687 216
254 343
188 161
55 179
723 385
297 623
797 894
615 987
67 577
874 339
183 111
181 394
880 655
348 221
576 376
922 284
837 399
270 768
306 713
438 458
189 944
764 580
216 978
91 402
639 630
332 984
120 386
285 462
413 185
416 387
824 512
401 908
925 689
747 700
15 266
162 234
132 470
216 671
413 475
971 465
650 230
928 268
527 284
207 506
19 45
333 693
215 689
454 907
665 908
796 418
891 100
235 760
949 332
810 2
204 821
955 983
78 874
672 239
160 435
153 686
207 487
959 564
195 859
662 538
956 798
227 330
155 249
912 476
783 491
142 481
404 712
369 557
226 174
762 76
9 620
841 347
469 634
252 894
791 61
44 614
540 355
120 772
391 467
196 697
396 43
605 259
71 619
701 784
98 711
508 746
70 289
865 47
24 633
603 428
579 281
686 47
664 239
376 76
608 887
332 655
732 332
996 742
922 193
746 909
429 463
334 513
983 273
250 247
475 177
591 231
573 568
45 255
234 200
381 39
492 710
966 920
842 666
58 237
590 71
132 571
671 499
713 536
697 131
698 428
737 770
902 210
891 437
431 734
829 892
273 532
549 13
186 619
815 580
281 853
431 335
214 53
180 77
241 105
133 177
961 336
178 538
431 316
916 680
552 196
27 323
619 749
783 184
74 682
626 495
661 732
770 664
169 7
705 117
984 17
908 558
461 154
61 130
212 18
434 52
786 289
999 248
486 864
378 873
588 740
150 75
558 820
135 925
945 273
771 309
291 227
645 652
444 451
887 937
763 743
231 901
35 230
496 946
405 472
500 90
175 706
970 646
737 113
846 269
280 878
689 246
672 772
379 648
76 680
629 820
543 100
476 112
766 119
107 378
966 629
851 811
24 482
650 378
7 171
854 522
772 809
2 553
993 570
384 553
128 511
845 94
521 632
427 77
66 263
107 770
525 780
656 581
622 368
200 449
76 364
739 564
299 326
855 250
821 6
659 343
282 274
20 916
370 582
226 560
685 599
635 852
255 610
214 295
90 419
389 827
742 667
948 46
391 51
388 485
905 213
669 916
692 43
491 346
734 682
751 520
739 240
667 383
298 502
771 842
522 569
213 874
514 633
874 715
602 634
697 934
598 486
287 309
568 693
128 706
413 767
857 729
733 438
241 984
383 365
899 476
171 949
374 608
785 485
883 454
831 878
37 705
849 443
244 443
546 637
763 993
894 85
767 809
453 401
777 695
387 831
82 445
817 182
410 580
103 465
492 796
901 542
426 446
154 577
586 588
849 246
154 752
11 345
234 546
589 236
685 665
410 905
177 898
730 583
901 321
631 454
947 575
215 831
935 38
826 778
82 912
574 545
946 45
237 453
731 947
995 233
603 331
67 211
213 44
587 467
271 396
990 812
888 818
99 141
337 7
454 217
292 268
313 782
83 641
709 605
801 514
397 119
36 777
757 833
353 155
796 771
815 33
709 750
283 418
351 513
675 547
509 393
456 747
454 266
607 336
3 254
912 466
649 688
870 898
763 574
106 855
88 502
71 535
576 91
834 503
356 404
992 139
956 302
98 514
945 59
664 605
650 720
401 664
487 517
242 712
704 477
872 623
428 181
929 504
968 66
144 166
864 147
292 644
224 818
479 538
775 89
637 32
217 559
659 576
113 718
755 43
292 747
613 137
246 930
764 811
664 25
690 789
856 244
786 596
74 834
593 310
812 256
405 694
132 683
907 540
547 629
312 34
367 516
142 938
146 473
847 867
522 780
610 965
283 129
126 867
472 70
995 747
369 962
468 332
815 231
275 23
372 704
749 589
38 342
848 624
813 898
45 536
356 687
378 389
933 57
862 81
820 860
352 650
648 423
835 795
505 476
380 219
316 412
728 964
545 658
966 66
30 367
3 218
576 8
260 715
615 873
965 906
325 491
295 647
620 848
1 350
457 780
591 113
760 617
903 341
101 453
376 188
907 239
769 194
756 86
777 719
923 857
544 715
231 548
414 92
778 204
254 927
534 317
457 767
47 1000
7 215
428 296
410 815
217 523
869 51
337 994
949 235
734 883
294 272
981 789
523 266
138 868
933 679
492 409
241 159
540 591
81 374
863 266
655 174
720 12
329 780
735 508
592 902
406 920
99 406
852 696
952 5
251 51
414 683
990 714
919 602
367 649
568 94
734 719
91 603
807 769
477 702
132 15
42 245
433 568
360 616
53 523
274 296
481 276
479 353
155 87
908 559
45 104
584 855
970 368
308 639
257 763
961 147
66 569
123 584
625 799
594 727
421 265
23 69
742 413
45 67
612 823
715 285
274 605
79 978
961 957
729 393
112 389
40 418
477 147
441 376
267 381
305 2
452 951
418 739
400 794
457 12
541 987
823 116
909 919
125 370
883 410
576 306
171 630
580 474
436 626
699 60
462 394
671 50
31 403
552 714
241 639
300 432
747 601
556 129
372 546
878 737
233 892
252 200
215 52
72 318
237 924
717 402
984 916
413 17
181 117
368 548
753 134
523 310
851 677
907 727
88 611
733 871
677 757
968 967
940 405
726 130
602 148
964 531
582 998
327 461
792 420
132 205
34 498
963 733
199 151
147 776
501 411
253 487
723 726
299 594
709 983
123 374
1 824
577 109
412 642
288 400
308 595
537 783
182 667
554 998
573 74
666 732
795 496
580 890
562 477
102 482
733 260
108 78
405 281
301 561
287 197
895 48
71 562
926 548
620 777
433 113
35 133
112 560
22 397
102 95
605 108
453 271
366 544
295 476
353 683
615 151
599 626
600 404
614 85
941 507
194 512
693 618
556 214
59 854
189 795
889 555
229 918
626 910
788 385
187 755
959 376
559 786
986 263
253 261
971 678
879 49
437 78
864 982
441 907
924 624
581 583
584 501
513 815
20 329
811 166
479 852
462 930
431 657
808 856
761 856
848 216
721 366
632 703
427 487
85 143
468 761
89 196
222 296
939 320
838 598
518 78
165 136
332 245
549 786
148 926
36 699
41 11
814 398
965 738
63 103
967 404
308 567
367 907
575 595
210 517
943 793
264 437
653 901
981 264
583 196
218 804
455 593
44 636
634 108
304 465
366 395
785 166
179 947
933 358
131 820
616 830
28 596
382 221
123 862
127 958
384 456
353 981
427 554
283 526
784 105
15 803
253 884
349 257
633 142
500 915
466 223
822 320
839 674
721 595
957 947
213 642
50 625
715 865
658 529
702 773
354 911
650 672
216 980
548 327
732 484
755 957
537 242
654 599
389 301
542 893
751 169
73 562
974 456
25 951
524 431
619 9
525 962
256 576
694 842
74 835
616 923
518 36
186 597
740 156
29 233
217 889
539 676
725 657
372 943
356 276
194 91
251 22
697 432
350 846
976 393
351 19
562 974
617 393
928 236
838 547
307 153
75 85
42 150
243 811
688 748
531 166
644 143
882 686
60 342
152 793
131 544
495 773
975 419
948 261
973 854
776 238
830 801
698 726
306 69
911 544
774 507
101 768
66 581
253 581
158 779
828 177
286 348
460 845
340 267
199 560
607 439
511 354
723 202
45 842
249 855
451 527
144 421
483 958
249 704
395 244
834 129
132 993
206 150
543 253
763 903
15 948
970 755
55 439
119 736
569 515
660 430
629 975
208 421
334 229
432 861
404 467
133 763
335 709
822 249
128 21
293 997
918 716
545 324
194 874
661 294
994 965
99 165
578 644
156 466
194 157
257 507
413 445
234 650
454 715
313 249
890 517
835 156
998 760
584 668
865 961
792 329
859 435
56 452
80 314
47 104
696 20
754 310
511 944
407 150
834 254
907 886
503 457
565 382
839 115
724 620
365 488
841 741
317 133
249 311
726 803
565 495
27 16
109 628
24 778
605 426
173 471
122 257
175 377
988 809
309 823
71 440
611 863
499 729
615 831
302 116
984 331
178 446
452 801
988 403
975 151
631 561
465 682
327 584
11 738
68 465
589 309
820 565
510 74
370 745
776 710
427 626
763 854
876 463
495 867
478 887
194 650
780 133
374 804
656 507
550 795
348 135
646 730
850 65
581 959
270 766
966 619
127 549
277 612
96 327
738 650
391 778
78 367
788 112
54 192
898 634
96 310
78 202
885 762
389 357
945 701
105 168
987 6
845 92
702 474
846 207
498 73
885 875
47 750
730 812
787 287
347 276
940 749
811 229
886 699
479 883
725 923
194 225
929 114
46 196
534 939
497 16
647 648
797 59
985 267
329 815
660 885
403 260
613 819
887 180
635 199
125 761
19 212
920 521
599 465
30 948
606 471
327 242
311 745
773 980
596 585
725 427
340 143
658 20
127 321
950 788
274 269
347 833
973 653
226 114
907 732
672 408
578 719
135 733
890 76
982 532
400 202
588 699
257 631
313 947
353 238
608 715
545 744
272 20
184 832
615 803
121 235
875 62
567 924
126 372
435 625
366 711
936 202
311 194
884 768
991 620
6 628
207 29
770 179
178 309
625 740
40 302
921 171
174 313
399 732
382 444
244 389
615 150
599 249
396 674
309 719
1 54
242 674
498 312
779 675
289 477
152 53
137 679
484 202
533 65
239 96
45 487
638 830
161 170
974 985
447 225
523 381
672 630
659 260
509 619
113 770
216 392
650 193
601 533
433 955
105 422
240 627
915 223
330 517
424 720
720 133
385 716
104 234
713 816
186 912
354 270
299 659
583 643
730 213
930 531
146 2
844 109
59 76
981 68
584 946
645 253
152 830
523 785
326 394
705 51
407 79
984 118
732 748
74 450
735 907
630 247
23 31
586 377
839 857
566 947
329 144
867 400
631 731
634 109
931 655
434 845
168 161
371 474
11 733
88 504
992 798
352 445
172 360
583 785
224 103
898 340
408 366
11 955
953 534
970 732
898 145
628 400
605 457
97 344
617 641
466 879
470 623
201 490
167 645
232 304
452 317
660 378
628 182
974 94
911 427
202 645
834 676
707 206
836 490
797 449
447 216
124 59
591 753
752 707
803 961
899 670
540 660
479 216
377 514
873 901
142 936
167 303
522 778
616 161
651 610
742 198
87 628
750 172
610 963
496 239
385 970
960 702
463 997
303 76
308 621
307 9
403 538
99 171
389 531
86 423
536 640
994 92
887 307
193 291
326 1
117 283
40 170
656 754
630 211
787 606
408 573
575 967
504 166
784 936
801 782
487 103
788 800
805 846
164 90
838 341
741 832
575 852
748 264
334 345
135 856
46 461
871 567
451 415
694 457
197 175
349 356
116 244
535 367
430 991
666 746
841 608
393 619
290 229
1 126
37 872
44 52
217 589
413 233
486 481
452 273
860 182
717 283
222 131
721 856
868 665
355 550
998 268
267 876
954 942
21 341
765 855
962 501
638 260
282 220
824 398
290 310
560 440
579 100
63 95
375 217
157 6
51 575
888 640
513 790
113 970
755 295
521 291
104 147
359 837
281 764
80 172
948 85
840 616
348 813
762 683
781 595
655 78
625 81
209 746
619 639
670 521
123 364
416 844
94 660
654 61
857 951
216 41
805 447
308 633
257 761
661 955
297 232
689 734
766 988
952 662
45 651
39 40
26 200
227 585
727 832
805 866
910 640
205 598
10 580
283 600
989 118
828 436
652 106
763 873
654 744
288 929
78 539
904 682
976 714
205 696
757 379
888 6
121 409
837 435
50 935
785 266
404 146
542 920
393 647
638 33
380 785
971 862
418 50
612 580
149 194
280 15
499 133
525 551
112 978
501 948
698 966
871 570
195 45
694 17
107 841
147 334
973 102
318 293
212 808
285 36
161 126
495 780
4 732
441 990
578 745
262 796
319 965
566 334
380 213
366 416
541 50
315 866
413 199
122 908
692 272
94 494
920 707
997 467
874 135
892 239
948 41
289 508
700 922
493 884
829 762
246 340
249 496
174 791
605 787
17 266
94 264
192 784
710 438
801 394
731 585
880 397
860 915
331 327
648 3
711 317
226 115
579 557
326 62
700 367
41 190
199 105
840 890
32 919
292 457
888 23
98 424
226 341
335 437
102 480
287 310
953 942
454 301
26 44
76 922
679 813
991 623
317 620
802 524
303 553
442 143
297 640
444 593
211 326
488 577
515 286
503 279
993 776
956 500
216 207
962 889
817 90
349 642
215 263
805 713
555 746
906 784
584 138
879 349
924 684
29 880
769 441
679 874
789 950
777 918
996 366
888 833
267 948
342 360
400 613
646 112
793 476
744 366
410 916
513 813
287 790
739 597
151 675
1 819
544 581
651 667
854 358
858 109
485 35
436 59
19 21
781 697
602 118
694 185
199 228
19 130
306 854
688 627
946 587
496 196
424 353
354 254
155 499
546 921
434 262
80 524
433 582
112 3
941 103
627 868
520 106
595 87
356 694
362 439
731 962
58 972
317 829
669 520
467 144
574 415
540 283
10 826
800 456
37 908
362 361
490 418
272 113
951 723
610 467
834 582
975 217
272 729
46 139
638 268
585 128
235 267
3 385
596 336
516 299
13 61
478 844
908 283
831 621
424 255
410 679
746 363
678 305
385 355
923 199
814 516
319 174
11 233
437 63
294 408
868 885
7 893
963 91
214 323
911 475
54 312
60 957
993 720
996 145
725 957
364 619
517 961
4 660
556 873
741 163
539 48
303 504
581 592
379 110
824 209
27 458
320 624
191 343
17 688
53 274
381 677
75 454
425 155
18 26
206 714
886 829
378 688
320 286
265 691
240 229
386 649
114 514
61 9
429 613
800 135
692 157
969 560
654 452
596 497
672 449
182 726
899 234
957 416
780 351
575 221
662 863
4 413
830 513
500 195
691 253
13 473
72 619
199 562
477 140
279 378
231 752
291 133
88 469
771 194
942 153
286 477
344 750
680 136
974 878
222 755
44 279
158 795
15 950
936 929
497 605
995 621
741 690
316 80
766 95
345 673
642 847
898 485
438 426
349 517
957 838
997 873
245 980
216 946
883 78
646 798
579 329
7 208
342 289
307 773
306 971
971 659
369 325
846 241
388 969
962 498
138 931
512 397
860 469
495 370
498 178
6 411
826 619
690 820
416 129
324 522
492 404
863 679
934 342
276 612
958 88
344 345
658 268
203 169
821 62
491 370
492 201
959 967
191 553
297 584
268 762
199 978
753 580
99 198
709 897
48 956
657 238
624 871
178 967
365 631
331 299
169 404
151 28
959 677
691 59
620 499
123 589
35 575
513 562
973 601
602 533
995 225
643 205
2 223
535 491
399 804
236 650
53 972
439 39
387 664
300 879
999 47
853 873
611 140
872 893
376 108
374 907
744 772
2 912
854 812
799 101
512 557
225 458
103 425
159 363
567 126
935 762
132 741
224 782
261 391
944 23
439 719
450 448
233 976
72 466
920 32
632 234
741 392
464 172
669 785
253 382
823 694
534 591
439 649
802 399
685 955
807 226
555 333
208 48
801 77
199 370
751 961
863 667
792 312
759 346
858 55
268 809
552 683
983 274
694 675
588 354
811 389
407 470
47 959
599 354
982 110
803 432
761 675
636 229
251 321
199 33
826 701
701 319
260 187
902 766
709 980
430 271
571 799
721 879
810 361
539 317
616 408
925 552
766 878
476 456
991 315
297 203
300 670
49 666
835 839
857 771
969 345
951 601
936 430
420 7
805 66
691 132
642 320
537 558
330 276
509 338
239 569
525 958
909 807
680 177
989 89
535 237
3 420
121 459
249 766
743 442
140 891
842 365
930 932
651 321
85 901
529 621
453 413
718 171
955 183
314 53
997 848
102 956
966 597
292 620
703 642
579 368
505 823
474 430
439 636
315 562
45 485
713 587
160 992
413 498
206 105
552 942
477 45
761 239
960 775
134 308
691 921
303 487
772 702
61 657
27 481
443 917
761 146
494 481
686 995
502 956
873 568
252 88
985 406
877 96
324 864
829 285
132 51
744 811
946 475
288 209
717 584
886 833
796 121
579 635
766 827
69 553
986 923
532 547
365 430
347 544
678 633
890 255
253 717
878 783
151 68
735 642
605 393
990 221
900 749
350 316
524 689
248 290
718 558
504 140
946 31
876 220
92 659
454 270
840 585
541 894
245 402
417 644
993 73
497 29
743 29
54 834
326 999
699 411
362 324
524 102
444 470
414 330
62 797
383 611
295 509
25 233
872 964
814 811
750 933
881 778
497 513
479 753
10 206
654 963
362 701
516 992
172 174
135 314
854 566
530 792
87 93
730 115
661 158
629 522
457 837
816 921
45 457
712 218
842 837
368 528
759 764
47 672
85 477
324 535
503 213
882 233
630 843
30 735
995 474
479 181
815 687
137 12
502 766
187 693
531 860
626 226
256 398
739 961
207 863
99 382
119 99
624 527
894 787
903 377
635 129
624 670
416 947
604 668
273 990
695 887
847 796
635 126
908 688
303 78
880 327
725 97
744 995
415 529
786 423
326 500
57 673
942 738
892 613
734 384
684 877
222 180
357 659
345 818
782 826
839 831
279 260
227 559
967 676
362 330
897 589
59 358
850 423
250 519
213 753
567 966
269 703
935 866
258 432
331 842
426 830
79 24
597 603
266 903
840 480
714 281
110 646
275 943
828 257
241 740
685 136
44 272
306 150
186 65
349 659
704 398
427 809
357 184
219 139
366 846
777 755
234 324
987 142
772 818
793 377
998 258
473 828
752 948
931 455
682 579
259 814
224 577
669 327
318 271
447 105
855 124
967 614
164 913
989 758
169 573
314 238
134 365
962 354
722 35
211 810
802 475
215 882
256 507
593 70
633 388
596 995
650 135
33 143
716 388
162 497
43 818
136 144
946 641
79 393
189 373
373 712
411 935
692 92
104 827
248 670
283 97
730 314
661 840
956 840
761 480
282 811
231 578
874 833
819 192
723 540
120 583
338 514
619 927
191 782
123 588
434 49
457 400
793 590
847 647
630 61
980 36
908 777
502 416
654 349
735 850
684 992
166 587
436 839
586 14
783 744
675 332
533 630
573 373
315 109
119 931
874 148
747 174
163 49
956 466
816 357
689 233
379 655
984 539
991 356
786 262
261 629
877 680
394 86
712 933
73 749
522 426
720 372
765 160
837 723
305 450
608 229
402 604
220 763
850 862
744 485
600 841
30 108
930 70
72 290
710 148
459 482
3 916
99 587
640 95
398 323
458 726
868 925
725 628
730 986
198 668
626 219
220 904
21 585
760 621
216 459
872 404
696 981
60 580
80 138
554 578
891 178
30 552
659 56
960 119
248 843
105 890
610 905
887 471
246 453
563 261
342 1000
914 169
496 440
773 866
995 942
668 88
450 585
397 78
435 295
473 920
807 519
978 903
151 35
193 489
268 509
217 483
718 893
351 552
779 971
999 876
801 859
72 597
957 941
946 790
757 138
940 606
589 841
966 398
680 35
885 246
481 240
652 185
448 999
440 823
611 602
979 990
136 772
641 313
895 274
920 496
793 102
595 46
867 821
634 520
176 928
888 62
324 120
842 509
55 504
422 933
8 889
81 869
11 126
177 330
395 287
931 161
937 956
902 482
979 685
379 393
196 193
58 174
276 217
370 204
319 5
967 665
177 58
962 315
124 18
661 347
609 922
223 462
596 948
228 464
30 362
706 204
209 389
851 818
178 588
68 584
921 481
556 677
1000 170
199 119
95 38
621 479
327 989
925 745
284 151
155 341
910 71
551 371
629 191
494 704
981 993
27 191
619 569
69 552
17 389
458 17
919 380
675 968
135 220
732 751
266 230
630 202
870 677
136 740
35 502
731 885
990 194
994 129
170 975
433 183
132 921
595 383
378 541
434 731
314 773
921 283
885 202
11 815
620 873
839 521
241 840
370 556
520 567
537 137
410 563
101 428
597 567
643 594
783 966
73 331
400 757
737 188
719 964
371 106
702 382
694 258
987 311
789 246
99 852
667 710
599 643
447 406
94 985
989 463
976 946
509 810
493 357
864 775
884 330
559 818
642 570
973 44
556 980
115 316
958 832
579 397
671 421
426 64
713 832
74 990
695 592
739 960
21 897
798 843
473 20
626 114
312 918
757 748
705 833
815 396
857 190
530 364
860 823
973 624
981 101
969 933
307 10
199 1000
915 331
772 64
79 566
78 927
446 579
268 679
14 391
930 788
491 438
553 439
58 895
147 546
900 428
95 312
705 28
193 288
69 413
89 375
39 929
558 947
391 440
486 894
767 475
886 511
763 608
947 361
269 813
760 474
207 33
727 814
672 528
585 209
503 986
823 379
789 455
383 288
224 151
603 427
978 256
616 941
965 6
146 410
556 485
793 941
577 518
409 948
734 121
552 324
959 411
780 863
176 104
894 406
163 882
914 998
586 574
826 1
299 131
664 58
746 312
877 594
289 125
916 114
907 337
837 528
587 965
720 290
697 246
626 180
111 332
351 349
502 731
656 893
976 474
479 57
29 378
410 582
948 80
221 914
688 573
835 446
179 386
491 372
734 688
990 862
882 895
320 380
484 551
238 66
643 384
511 974
829 437
353 484
589 901
706 288
924 495
526 79
914 213
37 2
535 263
672 495
783 469
331 442
369 707
353 198
447 820
726 513
31 949
322 731
89 764
221 455
166 584
482 917
526 280
73 80
370 658
206 468
188 871
473 391
745 614
283 605
418 764
148 469
75 671
59 242
41 515
116 449
592 955
228 667
213 749
475 721
48 87
560 908
715 860
241 737
771 990
186 98
388 762
6 825
102 918
362 867
381 197
440 745
239 219
22 461
262 102
727 374
30 194
177 702
414 189
586 594
522 935
898 54
454 52
920 34
958 574
650 503
944 152
980 814
638 774
986 207
162 189
314 817
661 326
151 664
333 277
798 993
109 494
312 112
938 236
99 296
206 588
598 789
912 975
531 919
768 291
812 583
919 516
612 106
83 796
69 785
866 450
677 466
387 911
255 520
265 376
284 140
412 505
426 733
479 307
541 340
892 456
805 463
592 276
921 706
373 973
264 271
678 920
602 725
808 332
890 72
249 64
636 564
486 695
544 359
749 755
18 661
980 57
429 305
72 598
549 44
736 557
273 481
992 903
520 236
791 99
10 660
376 428
362 131
879 922
914 618
331 644
80 900
562 56
567 777
555 961
538 49
477 355
377 387
727 583
424 665
930 649
439 811
757 348
996 676
813 26
724 907
564 928
836 845
653 433
315 310
400 537
387 805
344 407
788 287
573 747
480 646
376 983
489 344
841 691
660 527
863 842
185 183
298 894
405 954
46 964
593 227
612 345
168 946
998 602
341 941
786 618
761 458
346 21
880 744
518 61
117 854
929 18
363 698
954 583
223 350
215 525
355 942
255 585
475 601
481 516
621 456
144 724
930 559
146 126
991 234
160 430
316 801
855 728
749 437
459 811
151 209
49 555
363 151
308 572
277 555
675 600
344 840
87 912
311 284
705 337
50 38
460 641
438 897
538 371
922 978
447 989
432 362
658 568
738 266
392 968
135 880
435 286
870 865
712 689
440 515
987 617
552 474
20 720
225 278
867 707
897 946
145 949
186 171
284 698
391 936
945 720
451 197
767 971
242 610
681 125
99 855
758 666
64 946
160 689
430 673
197 634
988 923
390 243
896 148
493 356
403 132
703 817
924 546
483 466
983 1
911 292
659 439
767 702
774 36
193 395
446 181
547 746
309 227
609 933
647 703
379 99
161 404
535 830
536 200
721 12
473 317
333 686
544 723
854 496
394 562
517 224
425 741
204 221
632 736
245 492
38 92
994 382
709 793
468 905
485 853
434 297
200 987
994 465
117 366
778 486
193 182
502 184
69 523
273 254
516 78
274 337
296 169
353 328
284 355
799 697
306 126
515 782
629 372
974 595
705 317
559 462
322 7
753 521
629 406
187 431
358 148
748 260
681 325
983 624
515 202
699 441
707 594
656 404
452 127
860 108
272 397
625 817
664 959
149 57
906 836
263 65
604 105
716 883
422 994
295 368
153 303
618 93
357 55
202 804
441 228
704 686
11 278
731 135
801 211
492 753
842 788
562 874
480 573
466 512
773 50
132 433
212 599
209 290
163 112
157 2
823 589
574 685
423 835
336 171
545 441
820 245
750 114
21 932
618 928
89 150
289 468
221 913
611 313
204 193
186 852
725 289
726 90
506 489
325 595
877 38
311 640
99 122
66 785
195 943
108 500
623 567
536 625
633 563
226 107
799 780
140 447
527 829
566 861
145 23
883 951
463 795
787 529
221 341
4 493
504 108
250 327
678 357
149 665
757 180
551 733
540 350
908 154
620 140
748 473
89 620
897 687
865 211
386 172
957 675
27 674
275 860
46 493
158 747
875 887
768 555
239 260
519 726
221 619
302 234
546 592
250 763
349 757
410 619
103 426
784 340
589 415
718 253
498 352
289 846
419 584
883 47
388 537
915 750
923 936
12 713
305 528
733 561
773 394
446 226
673 814
341 904
744 673
646 642
54 487
168 733
713 654
881 284
811 105
831 122
76 73
593 305
316 568
317 337
246 313
144 745
324 783
705 776
288 200
252 761
382 696
52 768
701 173
815 979
429 938
173 628
624 902
623 696
77 184
445 320
139 883
658 819
274 552
994 251
27 864
84 119
733 286
612 728
362 517
980 169
853 677
32 649
680 37
535 121
24 521
701 849
595 466
926 558
103 155
434 644
842 281
112 566
618 457
745 466
942 212
654 712
36 295
940 781
29 554
266 812
214 750
175 860
383 985
985 829
927 166
592 617
996 289
125 227
508 237
788 399
862 792
708 166
821 321
215 982
287 549
347 198
850 723
232 6
765 420
133 976
225 919
621 677
802 257
973 360
422 502
285 806
933 970
740 452
227 235
66 742
73 837
485 362
958 486
601 171
938 882
977 239
916 845
97 949
44 852
689 649
731 966
791 928
356 769
676 480
126 443
127 70
352 340
202 259
631 726
979 305
980 94
531 816
14 634
476 399
554 599
835 188
888 757
61 421
689 964
282 434
466 439
261 990
927 326
13 258
269 664
73 111
419 84
975 74
962 951
689 853
451 422
469 817
224 236
510 135
824 203
526 528
847 12
281 235
524 97
819 615
235 412
367 363
226 438
375 652
980 530
513 667
497 518
59 795
957 830
337 221
580 175
854 986
527 420
88 395
176 172
911 438
879 482
613 178
760 858
449 709
720 312
105 500
878 153
368 610
815 680
742 632
161 427
591 877
388 134
617 482
360 853
218 351
237 17
256 560
783 954
815 398
212 689
69 744
964 736
52 986
754 160
994 383
686 142
85 30
838 692
331 113
792 640
44 937
479 266
955 923
70 861
566 886
403 910
985 489
580 922
17 335
239 815
266 721
356 805
666 286
648 317
600 22
528 275
946 62
505 342
240 677
210 773
136 992
603 870
823 373
22 476
887 577
724 238
173 32
671 801
305 104
380 548
839 751
509 136
951 465
48 214
253 131
769 170
879 691
522 701
847 145
29 530
46 688
859 711
875 680
846 414
975 765
428 144
106 248
841 761
238 267
432 241
612 572
902 424
959 297
210 472
86 719
33 305
988 751
114 188
719 617
492 961
561 891
820 976
57 36
683 424
43 9
280 325
155 627
906 153
361 112
836 346
288 304
750 384
453 918
521 294
194 6
214 77
894 931
678 764
716 391
365 47
441 679
946 700
229 512
322 226
695 807
596 716
614 242
818 578
800 985
668 825
252 726
740 670
806 227
973 530
1000 752
284 217
602 332
834 327
274 291
113 265
95 137
478 3
133 492
855 643
658 189
771 358
437 870
666 592
135 759
651 64
268 468
141 34
973 965
98 385
580 781
248 494
11 570
908 772
819 483
736 515
588 540
610 36
991 737
499 735
90 810
985 584
847 767
116 348
406 168
876 438
438 249
282 285
452 402
120 117
484 510
878 978
254 192
680 503
759 893
617 860
11 87
654 783
803 499
720 595
681 979
28 414
98 807
585 271
655 953
368 893
96 460
149 318
850 861
997 26
160 617
767 736
613 202
742 806
124 9
108 902
628 555
26 945
650 215
692 366
214 254
587 624
128 277
493 77
632 571
9 54
764 72
912 961
488 339
633 987
899 733
419 903
591 805
407 466
523 525
548 657
795 909
43 672
192 742
14 35
900 64
973 566
44 994
95 442
235 841
239 897
274 263
402 336
174 68
585 595
855 679
568 351
571 640
623 699
112 107
666 692
944 575
16 353
199 720
14 557
370 978
903 726
905 665
211 254
995 451
896 800
932 166
645 583
425 572
120 836
927 365
250 459
535 120
663 423
22 21
850 362
64 283
192 320
935 807
685 188
537 683
121 463
984 587
107 748
832 655
851 157
887 493
943 757
508 264
756 102
525 757
536 306
556 205
164 871
263 281
620 708
34 35
452 342
651 944
548 520
716 666
816 832
760 284
347 374
76 136
602 192
492 507
535 788
916 266
777 196
218 347
873 599
431 271
217 919
588 130
114 313
332 448
26 695
564 171
468 768
622 993
463 527
320 311
799 929
621 87
514 819
200 929
610 936
739 20
207 522
152 772
9 669
448 491
920 244
250 43
602 260
948 296
554 163
493 629
852 844
767 339
144 771
478 362
45 701
1000 998
359 477
676 481
993 795
300 525
248 294
526 295
675 555
382 145
218 990
936 29
650 791
409 131
268 194
509 370
898 73
899 288
719 163
131 842
480 120
997 525
335 170
232 649
603 906
804 99
309 552
242 542
735 142
562 173
432 74
750 830
474 765
456 64
185 902
77 432
232 423
654 852
167 643
258 637
152 232
560 805
581 881
910 857
361 214
190 499
546 451
593 188
78 260
741 460
561 862
363 890
828 812
526 651
690 781
108 974
125 1000
205 350
673 70
982 200
765 312
158 414
120 301
623 206
40 709
223 188
151 563
482 358
251 47
531 977
535 937
22 708
247 219
503 333
180 144
147 841
442 955
294 936
591 898
652 730
783 220
696 238
808 488
233 981
151 134
632 960
192 861
299 915
63 855
14 394
45 94
615 562
134 995
780 957
269 72
795 148
19 609
847 687
813 523
524 706
516 954
515 897
296 969
60 34
832 11
727 203
654 500
553 487
823 455
404 567
813 301
80 959
139 258
58 181
876 339
179 517
92 482
681 331
538 196
371 301
689 880
978 620
288 923
254 90
10 396
720 729
21 12
478 813
746 5
860 29
537 38
884 139
196 245
343 102
825 739
186 431
149 281
980 789
253 341
290 449
517 526
898 512
669 323
542 211
252 19
167 26
314 442
191 853
281 691
726 271
926 221
198 692
38 781
263 660
696 829
329 820
773 199
5 109
517 485
85 223
434 489
826 563
268 608
571 921
218 419
222 491
903 958
1000 753
657 848
786 116
789 434
832 474
994 927
368 218
278 299
26 304
175 145
896 982
610 178
849 906
222 148
758 122
689 545
562 305
230 643
201 927
624 197
546 842
939 845
724 45
108 864
486 1000
902 879
348 969
974 941
888 302
857 571
782 564
605 239
880 946
442 245
814 901
339 223
67 512
966 320
699 455
827 10
312 22
63 596
453 880
362 991
989 274
314 26
888 123
604 79
608 10
578 942
718 601
854 515
195 130
365 975
585 270
440 347
651 919
72 294
3 920
321 473
708 211
566 209
473 262
897 420
259 699
919 803
691 896
449 102
548 715
761 836
545 91
20 403
648 860
830 420
616 80
558 76
646 458
905 220
344 305
912 736
360 573
605 877
397 360
273 922
331 236
942 572
880 387
308 692
607 48
41 23
2 865
340 5
218 729
763 91
166 393
739 473
559 162
616 556
799 137
142 422
352 330
667 5
841 282
715 305
553 174
735 690
944 541
250 456
583 510
141 295
685 298
317 614
727 723
512 992
299 542
404 862
814 929
861 410
991 779
885 276
813 23
465 425
104 631
33 557
286 169
162 395
435 901
148 202
168 520
25 129
723 342
545 893
160 680
641 479
807 462
389 305
829 965
163 924
402 700
737 487
828 922
229 131
232 249
910 924
158 129
215 976
881 732
593 224
63 12
103 831
161 28
401 525
60 774
427 305
212 292
378 417
506 730
808 832
130 884
425 272
152 760
227 156
172 250
857 309
809 698
260 102
138 518
144 727
493 850
361 183
194 273
41 482
350 116
1000 713
758 411
820 380
342 520
491 462
18 978
469 112
212 275
838 360
876 59
787 986
19 580
347 979
630 206
173 391
999 831
677 55
805 194
239 890
321 557
909 100
508 873
18 519
511 374
224 272
353 124
282 432
529 145
235 368
421 555
315 56
121 377
448 967
15 811
470 866
276 325
280 768
776 645
262 368
414 335
272 831
332 748
371 110
907 250
470 614
737 289
466 544
286 20
971 796
168 883
759 981
957 647
823 836
251 851
159 588
354 600
418 736
816 877
75 994
301 747
631 445
557 570
543 635
655 861
449 830
56 65
117 35
350 935
367 527
687 235
342 219
94 424
920 729
99 498
635 132
908 734
411 990
621 540
980 969
804 927
716 67
476 760
148 660
700 78
134 710
29 436
287 281
507 998
878 731
471 771
921 782
424 466
936 252
740 728
777 338
908 572
195 837
240 106
900 424
867 215
598 325
729 154
88 14
313 899
836 701
47 438
896 890
948 547
88 481
396 477
727 307
308 817
719 273
794 248
575 861
638 430
783 768
633 193
796 653
723 519
233 307
451 388
864 507
380 284
465 352
764 668
76 702
395 458
223 846
121 351
393 765
395 347
20 528
920 202
65 725
263 352
732 375
437 29
510 637
688 245
542 208
192 745
677 887
289 30
733 603
361 275
885 768
202 696
408 97
907 674
507 70
751 939
309 196
55 992
42 449
311 920
85 365
195 741
865 985
220 848
259 576
464 764
640 261
843 782
573 434
375 357
160 122
415 978
627 516
407 284
905 773
653 658
892 416
967 54
56 298
847 620
832 475
778 913
303 990
711 45
566 848
735 955
596 275
911 524
753 712
148 780
204 640
960 46
541 543
676 314
179 834
18 572
75 949
645 609
818 23
620 143
549 133
187 460
978 337
406 174
447 534
433 76
567 801
220 140
222 582
837 642
246 790
418 875
496 827
374 828
625 978
602 367
901 927
63 932
300 26
229 396
451 158
475 4
572 686
242 777
498 415
685 905
12 629
761 547
626 611
366 222
194 983
323 233
768 106
312 278
204 348
784 993
285 369
569 370
492 615
788 212
712 963
958 796
299 385
749 450
87 358
163 686
859 358
200 681
494 463
591 807
668 256
541 14
75 388
104 718
78 825
584 926
265 717
178 790
538 684
463 843
648 673
170 642
832 342
351 902
944 816
652 449
504 775
372 506
196 965
178 120
969 323
663 195
740 268
886 392
482 962
474 850
827 986
903 609
304 445
250 457
857 551
163 498
537 673
499 298
407 743
452 184
231 931
412 863
624 325
847 53
357 793
84 711
768 522
419 186
917 423
938 704
580 295
48 144
361 111
440 538
613 441
257 565
841 437
621 862
851 524
231 534
159 309
347 61
681 973
372 408
376 987
86 666
710 576
705 355
229 130
347 219
688 189
617 233
454 760
290 377
185 405
25 764
869 451
104 67
16 392
584 333
570 800
644 495
173 945
669 44
651 737
1000 413
564 262
341 139
952 708
809 697
717 864
789 627
82 793
502 950
963 672
178 984
353 345
89 211
972 178
811 372
152 919
428 956
17 495
291 664
317 84
339 644
252 118
553 350
311 634
374 414
201 74
343 837
930 892
329 271
560 324
113 984
729 302
344 844
537 611
738 36
331 582
425 653
56 254
487 123
291 212
308 862
457 60
116 359
188 180
795 324
616 807
177 173
776 567
318 846
304 296
396 280
879 555
236 607
385 41
404 883
941 52
144 336
37 747
319 497
709 185
861 366
809 526
37 892
78 104
633 503
82 407
105 78
203 745
383 847
974 422
184 191
626 939
897 193
60 965
663 385
379 281
489 713
295 63
894 571
32 433
551 206
219 353
366 496
901 427
43 959
459 72
300 246
103 947
894 327
661 491
137 135
29 145
468 695
540 828
969 846
90 353
743 772
781 551
431 402
198 583
18 21
956 563
574 102
703 326
544 437
304 150
142 210
329 457
181 616
38 419
964 652
740 729
8 146
134 854
585 664
88 96
52 763
734 507
792 818
939 581
526 487
819 27
433 500
865 489
97 839
230 741
781 235
657 37
487 14
921 472
369 683
867 436
649 585
47 294
620 164
715 760
553 229
735 757
408 436
256 696
343 572
805 967
76 985
204 806
188 975
262 450
67 550
728 748
214 843
766 356
37 574
629 180
889 799
301 249
598 881
680 286
366 993
352 191
806 988
851 343
528 210
267 134
880 709
440 722
188 668
447 433
565 638
927 891
138 459
405 909
911 407
627 90
94 512
156 436
824 742
811 240
738 944
958 865
426 158
413 436
932 880
422 418
649 382
216 501
217 860
609 822
242 313
519 499
99 384
468 715
288 49
346 747
990 688
57 884
699 221
782 220
971 165
293 433
991 46
39 653
501 318
89 436
476 588
931 372
64 186
709 906
872 759
178 194
70 956
42 533
204 562
297 208
967 546
895 800
621 996
202 95
724 440
266 752
799 558
179 837
291 799
865 358
629 453
296 935
760 396
425 709
585 871
788 972
951 272
439 60
322 603
524 966
317 576
468 476
453 128
914 658
37 577
224 72
336 914
727 702
76 844
802 20
129 20
917 499
201 829
931 139
903 81
797 718
409 693
319 158
361 172
608 251
517 735
916 607
817 353
565 707
33 466
723 928
953 161
555 309
884 399
650 67
502 542
836 298
910 561
603 33
626 834
399 52
960 818
996 80
707 31
691 898
751 61
582 845
188 202
716 343
365 127
388 202
247 311
117 927
942 864
7 753
156 45
86 170
144 749
520 280
830 53
498 514
887 60
834 827
88 826
808 531
913 867
406 668
189 4
445 122
891 918
415 582
108 468
697 721
389 13
132 420
265 605
31 630
584 893
434 124
828 26
109 958
151 57
465 850
652 450
675 931
857 772
508 976
260 599
136 605
111 323
115 538
18 545
899 440
332 44
978 675
874 464
784 1000
70 213
254 438
185 642
990 266
828 481
353 967
275 914
527 721
676 61
484 887
582 195
840 318
324 215
73 337
774 497
701 591
72 23
970 560
702 791
466 109
509 943
152 62
934 687
786 802
767 560
237 997
807 345
427 21
449 765
157 164
547 868
739 716
741 38
962 309
512 76
17 930
720 239
665 610
996 116
669 186
912 913
679 110
91 846
946 752
359 901
288 10
170 283
401 301
402 126
475 604
80 364
925 370
967 219
146 123
331 61
973 582
575 278
228 604
122 138
303 179
655 398
89 67
678 997
695 921
184 297
34 590
188 369
668 11
21 777
299 936
283 47
985 185
652 535
728 213
902 266
398 959
334 569
467 525
444 201
264 447
622 544
18 754
403 852
463 76
546 976
781 87
735 656
560 668
942 26
448 938
515 68
609 161
974 234
318 990
11 946
380 627
822 350
440 584
96 58
922 352
745 323
747 509
430 571
15 971
141 700
571 75
188 761
137 633
279 786
323 898
915 582
612 516
594 507
704 583
816 1
944 214
964 153
270 749
87 90
215 1
253 334
825 821
137 347
232 215
383 831
406 694
275 453
171 116
617 196
377 815
525 841
177 987
795 699
43 958
405 699
526 569
170 55
796 263
869 375
288 22
786 877
643 652
806 360
184 231
829 713
388 17
407 279
190 925
694 541
574 103
8 147
799 791
786 414
917 824
631 912
65 375
763 280
567 648
325 813
9 537
644 919
779 952
191 864
508 792
658 887
207 190
566 121
766 651
74 193
737 903
705 417
28 690
988 779
773 898
550 523
755 551
917 764
40 320
319 23
174 271
215 481
415 227
54 801
202 764
738 410
617 731
689 198
818 290
345 824
56 709
76 696
979 781
876 643
474 335
524 127
225 535
281 485
279 822
654 934
547 603
107 983
718 21
579 305
871 521
488 206
161 248
750 682
839 842
509 712
864 825
637 204
401 570
369 462
665 681
522 98
635 983
194 147
656 996
324 626
53 92
91 793
301 707
902 857
445 770
914 504
968 549
293 350
869 363
599 342
969 873
644 311
649 279
302 599
490 927
697 331
207 606
339 718
113 43
688 964
808 455
716 240
886 128
415 754
113 414
832 332
500 490
887 750
448 69
710 365
656 924
783 467
625 315
311 466
867 322
61 263
745 846
451 695
417 891
697 775
165 825
314 741
979 237
376 406
656 184
188 753
641 564
327 410
533 526
588 623
700 17
704 84
194 742
176 861
103 114
657 290
987 551
537 372
171 978
906 515
101 413
616 911
231 671
769 138
522 450
814 874
618 43
713 373
205 401
334 207
210 297
565 593
712 59
784 472
103 150
681 864
186 334
333 45
365 843
188 823
584 117
323 235
803 725
452 397
773 207
573 931
177 914
513 984
521 501
320 658
998 515
359 787
220 977
531 812
473 436
695 609
365 126
683 25
189 432
985 273
217 959
632 700
792 431
30 531
470 330
812 993
248 850
389 944
51 177
178 548
971 64
338 703
134 652
213 141
17 402
365 450
993 236
296 215
584 894
758 556
739 539
494 777
540 153
191 811
485 831
14 752
793 563
331 604
334 589
761 231
889 410
283 273
636 673
953 949
426 991
117 244
743 352
376 434
675 640
839 909
382 200
699 262
93 107
408 493
796 576
358 81
875 953
966 272
453 355
900 934
975 482
621 97
427 584
118 625
84 705
547 299
23 550
816 312
11 998
841 859
570 379
3 586
522 486
940 921
188 726
245 995
907 32
102 948
716 944
484 320
884 206
281 477
390 9
51 819
33 268
551 966
12 495
42 722
500 582
376 588
449 978
8 557
673 205
91 208
642 704
312 163
169 638
190 132
627 307
574 878
816 674
213 478
948 103
397 679
705 894
687 570
771 689
674 947
749 141
843 968
330 749
94 322
114 644
878 246
25 723
961 389
105 863
342 924
19 363
994 455
208 592
670 590
965 582
35 641
326 384
364 83
739 105
468 81
70 901
312 573
233 948
22 974
106 953
838 510
273 310
737 777
918 294
991 660
188 199
429 171
601 362
162 998
839 992
642 316
2 159
464 171
230 473
40 357
262 484
913 640
516 571
521 919
706 857
286 377
34 270
745 17
277 522
244 483
115 415
896 332
130 851
936 605
497 569
322 664
162 869
329 821
458 932
464 221
970 28
11 360
306 988
294 401
759 583
431 600
146 664
474 61
989 746
719 513
999 892
513 768
536 95
952 595
649 320
133 63
337 668
532 139
42 123
8 295
651 527
697 445
455 85
42 10
189 361
565 656
806 248
95 3
316 876
338 756
190 877
800 33
928 86
624 741
973 762
23 343
119 267
861 633
256 962
60 216
500 407
227 377
156 683
514 565
398 920
97 837
630 41
601 469
880 172
949 126
629 495
645 522
957 296
904 652
705 567
913 834
143 893
862 383
205 936
760 481
779 665
809 386
443 140
139 151
582 249
345 910
394 119
864 510
257 192
167 637
682 804
172 469
263 46
376 200
448 597
896 441
664 901
367 394
594 186
559 520
121 628
729 885
146 843
970 585
270 664
453 750
663 943
579 304
232 165
768 897
508 18
773 400
132 552
794 605
172 793
35 978
876 388
110 661
419 688
208 77
405 621
411 736
67 130
674 166
142 880
878 190
459 220
451 386
172 575
467 825
912 986
342 139
697 104
130 827
635 820
86 140
982 105
497 323
8 82
28 13
503 301
450 859
915 511
40 963
722 783
970 277
381 930
170 733
902 666
635 387
156 792
965 542
731 916
515 707
264 489
653 881
585 523
215 675
37 156
421 317
919 18
136 675
193 438
783 579
932 143
951 765
388 588
313 537
151 501
279 288
378 749
396 508
814 917
540 459
383 717
774 632
813 414
923 610
276 376
3 448
23 541
379 647
766 17
688 656
253 162
258 654
32 148
718 199
738 641
371 984
153 269
708 57
157 301
788 497
826 44
537 183
367 140
911 501
169 752
385 467
977 89
371 758
392 337
584 453
342 437
492 610
291 580
140 493
270 257
200 605
437 272
257 450
731 308
368 318
679 189
256 765
253 869
593 324
818 611
514 667
680 964
326 266
347 813
442 895
667 330
593 579
175 83
32 195
948 337
365 449
536 595
874 685
160 359
658 154
970 152
735 920
500 463
616 528
411 342
498 460
770 915
255 103
538 503
4 463
633 819
467 111
514 364
201 959
131 60
331 556
957 336
232 771
50 140
935 845
516 433
41 983
742 345
615 933
102 248
598 733
362 29
935 802
607 513
31 69
474 738
58 485
947 190
997 758
447 277
202 702
859 765
788 695
462 498
881 552
603 752
54 8
682 737
413 43
635 707
281 476
689 495
31 264
968 162
72 503
592 766
487 843
493 266
61 276
636 350
263 403
659 273
788 235
113 831
366 475
151 693
190 133
360 208
129 675
350 975
261 935
502 794
839 377
34 736
865 774
721 346
172 662
545 642
223 101
134 734
57 547
886 862
78 407
106 644
213 160
436 95
795 138
959 663
654 195
32 862
566 799
199 802
476 421
191 188
478 367
904 770
636 599
987 979
969 380
888 652
870 556
926 850
175 314
697 830
934 573
67 958
909 834
4 849
97 81
978 423
250 714
896 478
880 589
314 111
267 159
106 397
822 534
676 817
71 953
490 435
273 669
449 957
730 550
432 173
91 946
441 209
725 660
15 747
634 721
889 700
102 691
696 712
988 688
578 692
856 782
780 644
142 661
169 601
170 162
921 170
65 920
265 78
51 605
587 575
455 199
373 527
373 586
817 794
801 253
96 76
167 288
102 93
27 373
434 337
696 4
604 661
184 344
705 970
133 353
138 649
731 538
777 342
136 426
100 635
709 915
361 829
360 648
804 633
36 707
368 179
451 314
513 299
984 93
202 38
227 713
636 635
326 143
257 948
758 520
519 948
83 390
253 970
988 387
297 548
410 205
399 891
611 525
874 185
175 572
41 696
104 548
68 135
305 243
148 287
846 434
442 60
650 761
980 572
49 246
159 377
471 187
16 924
963 259
124 285
29 410
163 971
912 530
556 146
189 855
730 685
34 100
223 855
589 214
720 395
410 931
251 883
316 717
599 114
102 558
786 941
553 846
626 172
384 697
498 827
190 93
252 270
517 188
459 172
167 375
63 294
928 149
468 726
476 809
256 530
847 842
612 205
999 703
995 986
477 689
832 416
230 971
725 45
753 994
517 495
429 959
820 304
708 218
662 535
184 594
190 503
540 183
653 880
126 618
456 626
884 530
508 830
624 127
509 467
6 111
461 592
33 841
197 86
532 945
455 930
508 14
758 793
151 357
66 560
452 932
475 461
175 720
234 124
635 272
861 528
797 453
847 194
25 63
443 280
695 14
2 793
388 738
831 606
462 407
245 525
673 596
451 130
146 940
510 419
388 625
891 673
971 728
312 427
233 879
200 352
589 250
402 740
683 381
556 5
774 84
694 927
529 57
280 423
725 635
103 871
234 722
91 871
5 59
599 135
985 279
824 147
751 824
661 544
593 298
501 509
281 940
263 772
162 991
847 814
227 69
912 741
752 484
679 269
773 984
613 537
312 692
744 727
891 792
450 606
592 411
125 364
136 753
190 516
304 595
311 153
692 974
235 109
930 967
125 927
224 410
62 706
297 545
981 488
231 249
235 250
722 630
616 169
546 826
374 707
103 3
305 968
322 934
16 5
70 200
398 350
166 767
183 719
836 919
28 756
680 187
555 825
900 928
707 642
857 531
652 1
189 706
177 103
434 526
36 302
348 200
903 144
816 314
926 307
267 114
662 345
812 206
758 694
512 189
603 755
863 813
846 21
793 143
958 627
725 844
159 454
665 325
538 765
650 403
827 154
640 133
327 753
258 804
691 882
893 360
772 529
167 217
207 988
873 772
233 613
720 113
4 842
556 783
812 673
749 250
147 962
384 528
134 588
851 938
126 998
52 973
722 837
242 354
491 308
588 926
844 496
518 625
203 329
188 483
634 159
429 903
550 433
700 262
421 355
648 441
776 334
524 724
687 120
827 46
28 395
732 663
757 699
383 465
39 773
867 412
406 8
227 573
395 793
288 663
73 135
607 326
777 419
10 688
231 114
782 582
732 949
179 559
163 402
755 588
992 810
595 550
494 628
323 728
914 729
516 549
629 220
63 538
131 279
219 776
98 222
799 39
950 177
589 463
756 64
893 953
806 848
309 344
851 413
101 6
695 276
639 166
845 135
646 952
959 387
483 474
66 302
2 725
349 841
668 567
850 686
547 658
842 986
440 118
77 895
25 732
962 135
238 546
877 792
240 419
20 481
494 280
575 81
466 998
473 99
146 459
666 818
843 163
446 709
99 505
235 745
793 140
902 557
818 552
765 901
490 969
363 333
825 464
347 788
973 760
833 45
36 716
93 493
256 964
4 354
819 31
472 370
539 108
487 156
639 311
53 844
793 745
353 34
266 683
728 978
781 120
666 392
961 604
598 900
365 972
663 485
386 371
888 391
7 257
525 452
199 775
664 449
304 167
271 557
769 220
917 76
851 456
907 106
512 378
436 642
607 911
928 746
67 102
531 567
107 857
440 308
773 414
901 745
560 37
959 423
466 760
638 866
548 590
642 535
367 797
21 714
259 252
530 226
552 792
761 244
122 636
306 228
337 794
439 421
364 721
20 389
227 219
134 389
926 242
90 321
184 134
645 7
253 528
19 308
347 707
227 441
873 655
268 749
950 773
485 397
386 864
459 794
387 201
464 948
653 966
606 262
572 402
952 302
361 937
622 620
466 340
475 747
840 729
731 384
861 916
608 597
520 779
336 872
596 254
229 877
804 451
952 694
662 993
796 639
267 363
396 402
698 573
127 869
148 478
559 712
407 591
746 833
362 950
662 195
520 760
617 692
779 357
319 420
249 600
508 483
418 983
555 762
349 717
498 265
63 931
390 401
231 745
968 57
254 858
523 151
816 125
893 97
38 758
348 442
975 591
102 745
146 591
846 216
669 289
462 545
636 308
246 709
565 880
164 959
436 900
698 339
366 61
215 703
497 178
595 713
686 752
981 736
194 242
323 266
588 262
458 559
171 206
959 185
432 690
368 304
552 703
159 950
504 703
393 442
235 689
848 776
633 614
481 721
647 818
682 158
199 939
41 25
80 561
62 481
209 851
51 80
735 922
611 136
764 766
559 168
378 813
352 320
980 66
979 834
809 318
230 304
250 466
861 242
79 347
55 392
372 33
500 30
728 825
934 753
290 165
690 333
451 323
549 390
516 907
901 877
666 226
484 409
988 25
677 332
169 218
974 79
30 996
211 545
983 135
180 720
224 660
722 367
971 940
285 382
253 279
38 621
275 429
850 715
318 461
546 48
343 739
646 255
711 543
195 199
644 468
717 138
649 442
997 362
437 969
783 35
53 258
772 304
756 967
705 883
961 489
212 677
929 779
255 705
573 813
442 942
744 790
601 179
178 932
341 488
566 755
44 957
995 103
100 577
763 131
601 220
344 51
933 165
524 576
425 982
762 969
947 121
966 183
420 223
61 219
796 786
819 435
490 263
198 92
93 170
22 238
169 362
995 722
706 515
231 28
13 425
822 897
89 515
93 533
236 694
535 36
387 332
212 346
615 890
710 74
573 322
560 623
962 911
420 217
672 637
949 846
622 604
166 875
836 795
197 847
684 343
68 784
79 303
542 589
600 638
175 888
571 79
812 179
405 771
125 46
509 847
845 821
702 646
704 603
523 49
500 566
410 60
349 983
499 522
430 59
648 685
672 361
545 315
11 451
350 643
398 257
242 191
304 556
544 637
229 899
765 305
510 948
104 307
378 318
655 200
894 798
477 570
631 217
959 838
284 94
191 987
605 830
23 184
604 663
626 507
556 530
218 633
181 627
921 784
297 110
498 729
174 60
122 29
655 287
808 382
992 651
682 347
316 77
282 845
164 361
791 988
350 372
244 927
81 502
127 996
58 615
169 326
408 522
631 690
107 510
10 597
451 509
110 802
292 235
224 161
837 848
961 716
361 264
228 407
880 540
738 406
6 952
832 863
615 124
470 533
475 129
662 151
993 844
465 648
249 556
19 923
306 669
601 160
333 180
171 281
334 247
871 948
582 553
750 575
437 246
20 66
278 161
233 514
525 903
910 943
747 763
489 287
594 906
295 73
426 264
264 739
619 14
786 536
898 20
575 150
741 122
860 600
989 892
649 353
617 309
583 536
584 650
802 321
397 667
569 58
553 989
915 34
118 481
816 621
568 254
142 913
569 171
143 504
719 91
498 539
616 138
688 567
303 134
406 610
255 982
622 928
769 810
611 433
648 133
152 980
895 969
36 658
44 901
759 142
955 913
744 765
454 965
394 896
715 44
481 406
302 164
331 10
878 987
673 746
788 736
691 180
80 266
434 951
254 268
771 12
758 525
442 958
643 70
862 350
221 78
629 113
22 1
102 211
999 35
235 318
111 611
936 875
224 77
520 618
366 535
646 581
467 481
231 667
159 206
931 33
328 74
8 33
347 70
395 492
34 164
567 114
200 132
595 893
559 926
214 421
234 431
665 367
165 170
245 813
48 423
584 121
640 187
270 490
785 966
720 361
78 327
25 633
543 283
254 810
128 382
777 839
856 968
696 881
359 924
621 329
930 430
143 431
699 727
795 532
322 222
70 608
374 613
114 668
848 926
817 945
216 244
364 980
971 68
830 137
227 468
7 135
621 252
549 879
754 479
481 321
214 836
190 699
448 54
800 219
166 384
191 855
594 424
36 916
993 351
169 269
301 961
178 453
344 997
511 347
831 952
690 104
88 490
842 191
664 691
239 589
107 894
374 452
387 736
779 674
433 98
396 370
823 181
310 488
883 470
404 711
991 995
867 721
600 500
504 457
804 198
901 876
849 427
225 369
707 533
559 604
319 475
67 370
614 757
896 356
662 351
838 392
650 703
889 587
436 724
720 567
423 510
831 461
7 255
67 400
665 683
180 721
448 991
572 575
120 486
227 738
471 323
113 675
206 660
594 132
212 849
319 927
157 80
911 379
734 826
350 547
920 806
152 336
444 175
835 181
584 371
494 61
749 665
184 97
972 970
117 973
668 499
459 560
191 294
490 817
497 447
406 595
83 962
543 930
735 330
276 663
815 354
587 451
437 900
631 661
592 807
867 160
870 705
706 382
669 618
840 820
274 754
519 828
411 311
213 911
435 445
239 643
554 973
187 300
460 856
852 42
69 192
586 506
54 572
164 84
516 257
221 5
371 424
316 383
541 882
358 230
306 261
370 720
832 965
638 313
250 614
594 835
353 855
857 534
72 169
453 468
236 996
81 813
816 216
979 884
582 435
537 82
885 610
580 144
121 717
256 94
34 714
391 150
427 999
176 165
820 598
949 886
807 376
996 311
389 431
742 791
11 373
51 640
640 99
56 874
254 589
267 604
640 18
57 128
647 689
782 424
507 144
626 22
330 555
772 646
755 454
422 11
246 719
708 560
322 151
260 101
493 926
42 246
248 799
911 994
623 436
327 27
826 662
739 171
243 824
83 591
856 333
69 608
469 326
92 775
991 65
647 885
463 920
464 970
909 334
855 758
901 779
628 864
576 971
39 965
429 640
782 919
822 832
239 822
558 402
984 463
804 346
879 774
683 719
901 623
490 395
18 610
295 806
810 710
794 195
499 379
455 840
538 204
847 122
758 931
757 279
727 656
596 545
954 380
385 15
674 550
893 889
988 83
419 376
884 108
611 748
940 974
319 275
757 995
214 559
729 889
215 194
316 774
181 478
914 989
419 457
958 429
264 765
244 370
941 308
58 93
604 18
705 876
573 809
225 667
523 92
872 714
428 280
163 880
531 569
220 666
773 412
439 696
122 664
148 132
90 186
454 683
254 617
817 501
811 246
226 586
388 845
636 884
747 792
626 171
315 852
9 1
449 474
516 785
324 910
716 440
437 681
350 906
224 775
359 968
8 304
754 214
919 618
30 782
661 747
97 554
170 310
969 590
95 240
888 890
283 490
250 107
752 217
843 242
666 601
780 955
72 726
624 995
790 334
295 996
779 987
173 456
283 264
89 713
454 307
371 499
266 589
488 693
987 653
804 461
996 853
135 736
465 667
472 715
547 421
517 755
823 336
20 547
974 804
923 614
709 89
214 873
513 486
77 415
297 807
465 325
483 135
690 310
125 499
626 696
219 882
702 893
278 585
210 147
780 779
936 537
560 229
393 770
102 796
585 310
694 112
162 65
3 883
703 738
216 778
471 446
842 830
890 854
601 665
121 999
765 406
942 387
345 475
381 429
648 614
742 942
122 559
303 470
874 549
289 172
91 888
350 983
170 121
461 422
694 700
226 688
192 576
542 352
998 870
964 658
592 225
791 579
264 220
740 264
856 261
400 283
862 415
207 430
482 251
464 914
84 155
477 948
959 716
429 817
527 904
344 887
61 294
979 287
192 187
135 989
429 834
286 725
676 325
218 963
957 364
724 73
28 576
250 464
468 399
783 720
606 941
519 526
171 932
203 878
571 327
576 511
163 492
248 96
945 14
286 262
270 907
292 947
405 124
138 281
766 49
282 505
220 397
556 311
812 201
923 864
301 844
468 634
272 606
55 381
439 962
703 689
729 162
927 825
555 390
242 951
43 170
65 662
64 847
750 359
955 529
974 367
371 726
293 369
483 304
637 143
877 672
595 743
959 78
484 942
911 235
983 517
881 310
682 801
419 989
498 894
854 483
949 469
878 485
626 66
311 828
402 120
337 597
726 41
285 941
217 15
234 983
991 223
21 851
886 803
541 156
592 8
47 215
198 289
679 306
38 446
187 134
680 347
951 914
912 682
833 274
991 509
829 498
117 256
615 513
65 365
502 218
269 91
554 827
204 227
577 458
788 735
748 117
240 804
862 746
447 881
234 151
556 403
701 794
615 884
616 814
157 828
269 654
510 34
917 738
165 589
709 384
712 700
774 580
701 764
867 716
816 330
118 598
470 527
823 9
625 770
295 496
131 595
998 49
604 408
921 858
129 86
936 578
375 567
447 410
808 506
85 54
125 44
406 658
271 744
660 635
746 482
974 425
725 877
600 670
289 921
253 328
920 101
25 903
959 396
780 561
218 585
125 782
596 633
271 910
953 227
76 342
739 750
354 592
741 68
9 155
727 17
531 762
933 690
897 484
863 689
483 189
526 515
855 374
34 657
189 499
397 710
548 922
22 733
389 866
105 685
416 960
327 26
866 328
403 698
80 477
812 934
156 898
964 889
661 839
41 454
102 778
51 29
164 260
870 738
917 186
445 260
53 728
589 987
400 1
336 489
224 325
296 946
499 717
800 482
65 347
607 423
511 274
701 830
334 313
460 972
637 928
927 300
505 12
595 404
372 27
870 814
905 563
896 527
737 123
495 863
701 512
633 186
999 287
12 363
803 112
586 832
733 239
426 581
941 418
210 172
945 935
305 320
750 594
767 912
389 717
334 245
46 553
54 244
347 122
555 433
202 811
498 450
595 976
355 599
686 505
300 332
817 382
780 582
214 270
487 830
