1000 9900
46 779
358 553
646 42
243 475
7 996
599 14
769 669
241 142
219 699
595 671
635 858
459 569
99 644
398 402
972 19
612 122
428 861
433 845
176 795
783 101
489 857
695 825
882 992
389 838
288 167
970 399
436 487
900 86
403 726
516 290
853 82
670 632
268 744
269 129
877 172
291 601
454 135
878 158
192 946
65 420
84 128
819 207
530 102
382 613
735 931
830 973
745 935
482 839
579 719
505 30
641 572
508 971
344 156
307 272
925 92
187 742
403 805
249 939
11 564
514 389
951 760
273 400
341 789
222 812
704 59
510 839
93 1
286 408
692 699
969 26
365 111
885 953
261 838
376 122
452 55
490 142
571 171
827 5
335 794
250 782
713 238
181 384
738 555
958 712
371 46
628 718
483 680
893 909
272 627
183 327
794 664
272 200
484 198
197 551
185 729
629 548
797 376
798 51
772 938
918 760
284 732
786 634
768 17
753 501
56 803
254 650
938 321
189 601
283 594
790 973
590 339
574 884
388 177
483 245
191 268
229 985
88 739
432 693
161 361
364 816
899 711
223 255
441 437
246 269
469 27
271 277
934 511
369 863
83 921
854 166
378 231
203 464
792 595
153 715
744 844
429 526
929 590
808 425
614 845
670 388
305 657
13 160
87 787
682 273
481 432
514 502
734 69
992 548
19 672
1000 771
875 145
268 65
625 426
153 775
887 12
658 401
639 89
608 739
71 541
992 770
28 752
140 922
550 597
58 383
813 509
923 581
945 13
374 993
989 220
439 831
841 861
607 802
742 113
232 452
713 283
928 797
392 532
980 743
360 424
586 634
716 573
220 684
292 737
498 10
355 623
63 166
871 591
485 272
163 532
193 209
612 333
777 784
262 856
589 107
100 8
63 388
267 643
125 587
181 969
240 443
388 149
215 702
631 989
274 44
845 291
96 814
542 349
428 805
325 655
808 615
645 257
829 303
612 129
868 363
981 84
496 66
630 293
577 175
590 979
875 462
506 167
291 529
439 573
62 384
503 566
469 386
36 827
239 796
757 863
4 281
499 579
886 125
317 846
654 927
728 75
340 401
986 655
844 545
67 788
322 791
932 581
144 27
418 598
226 507
444 294
762 281
896 693
299 775
349 511
82 218
743 19
871 94
429 71
233 350
140 958
589 745
571 354
845 639
457 774
746 900
183 233
757 260
543 365
708 344
512 739
388 960
258 627
703 583
651 232
836 36
512 658
552 627
627 217
845 818
662 488
591 306
719 745
74 86
290 435
898 562
862 7
171 476
851 526
582 738
873 859
266 267
293 722
773 344
336 187
276 887
356 182
566 220
747 975
554 329
937 430
725 672
312 255
599 312
938 351
200 888
498 581
544 461
28 86
764 360
515 604
700 704
204 951
99 219
820 345
238 754
576 973
114 900
633 652
856 109
729 225
423 176
572 377
593 818
830 929
247 529
469 535
97 200
957 290
580 675
748 489
46 114
699 618
942 51
182 370
609 198
383 727
165 608
46 477
619 493
510 174
665 197
45 91
763 970
475 545
950 230
73 274
404 142
421 808
44 149
82 480
780 865
880 918
328 928
134 772
901 563
333 177
831 438
153 315
412 883
211 621
30 211
858 496
180 740
767 608
399 314
605 230
684 84
902 423
500 533
217 537
88 762
492 741
238 385
258 889
826 603
462 713
302 930
48 269
780 726
360 15
82 967
333 356
794 982
778 499
836 333
575 100
289 134
638 301
769 668
219 325
882 63
998 745
155 377
233 545
53 214
935 152
46 504
618 921
106 793
201 174
414 665
398 2
364 266
735 383
281 227
923 604
441 415
199 50
679 356
633 590
816 967
769 856
844 308
277 661
196 859
300 166
485 974
568 334
827 747
735 930
256 932
666 679
689 718
197 319
14 287
274 66
448 203
787 650
166 581
794 178
362 144
749 548
642 510
899 469
149 798
461 732
38 76
931 964
861 27
884 940
176 803
949 744
179 664
76 836
628 425
33 128
974 853
832 702
689 27
550 776
935 538
681 591
758 687
297 41
565 553
803 508
113 602
111 947
862 921
225 564
988 855
555 412
711 785
87 27
380 7
829 838
632 360
37 891
906 209
449 666
46 804
18 401
915 869
252 621
954 709
680 742
399 494
345 330
308 122
330 542
94 591
241 169
459 254
132 296
243 551
881 409
811 498
939 313
725 344
946 599
474 278
846 664
5 472
248 857
321 19
673 358
256 999
160 415
364 983
813 790
714 968
657 810
640 536
1 782
255 271
917 776
493 646
847 587
634 158
460 593
725 43
69 439
530 75
783 399
166 391
792 882
981 171
396 184
752 86
116 940
653 992
804 412
383 393
990 355
810 525
515 795
103 62
583 496
822 552
400 985
130 238
573 314
499 309
338 141
124 926
620 891
767 228
202 684
987 51
461 849
188 911
742 290
706 844
325 290
978 76
63 626
279 657
529 606
750 920
551 665
842 495
185 992
148 220
794 330
353 554
817 219
600 533
621 853
766 134
659 712
398 587
695 158
608 32
827 270
760 987
355 513
45 325
915 931
73 516
147 269
55 748
457 677
738 814
741 477
870 307
307 723
414 789
950 379
988 682
21 669
828 771
498 154
65 517
85 458
730 785
198 859
894 516
128 349
540 530
388 775
150 994
739 326
985 709
512 243
513 686
305 833
937 618
935 211
574 785
977 857
762 529
377 629
998 689
604 536
916 652
593 265
843 631
354 846
605 982
159 918
695 864
113 236
494 611
669 837
746 552
271 409
844 493
437 897
204 908
867 84
890 159
476 524
627 884
27 58
377 433
766 949
723 994
9 612
140 202
69 995
969 358
696 426
909 874
359 39
809 286
367 947
979 170
306 256
880 869
537 644
575 832
541 992
357 979
624 410
400 852
310 459
235 372
172 488
102 105
162 306
247 461
115 206
480 337
429 143
85 938
874 97
590 436
286 243
146 862
590 861
298 549
664 753
7 290
685 968
155 837
393 856
67 113
986 196
162 135
549 256
367 194
646 304
379 272
52 362
968 851
717 72
366 14
539 872
669 229
121 925
734 789
695 561
424 896
42 467
96 916
356 183
138 974
182 268
848 39
902 772
815 557
104 311
892 176
401 257
40 607
937 471
350 828
167 478
544 351
345 92
772 423
611 409
693 785
812 928
136 449
526 210
639 591
658 58
642 21
179 82
244 628
869 819
620 511
657 131
508 929
269 125
532 837
538 390
648 346
5 579
942 348
691 92
106 900
514 447
914 875
979 939
934 960
51 336
282 107
598 573
782 692
880 818
278 983
714 441
914 679
679 997
258 387
831 834
689 877
407 550
563 692
289 640
465 231
548 32
783 955
310 471
646 605
6 956
689 254
319 399
853 835
16 864
453 437
515 326
168 571
133 567
776 826
555 546
371 965
914 172
673 563
110 354
937 998
983 870
348 467
420 775
542 847
263 346
67 109
822 207
94 822
259 799
727 427
57 48
208 68
707 42
302 786
673 142
410 988
598 812
931 845
897 454
682 852
555 238
683 900
812 727
911 45
289 374
459 162
703 143
7 644
688 324
123 17
530 307
198 589
15 137
777 410
959 870
985 479
654 7
402 209
99 105
799 866
714 950
790 611
558 767
613 624
584 842
143 523
457 304
274 678
813 979
761 354
670 792
857 823
452 637
808 237
718 880
136 682
325 154
970 65
723 779
249 912
837 255
292 755
749 547
182 428
629 125
831 785
690 467
896 638
35 220
816 389
930 48
656 94
876 569
913 577
366 539
441 448
210 255
598 938
220 420
108 270
477 949
980 606
730 617
608 5
205 393
228 894
783 406
106 350
324 297
200 279
898 584
300 306
194 813
519 761
646 901
253 317
380 119
632 472
191 185
910 681
807 99
989 860
722 569
946 709
88 741
530 388
919 538
583 649
281 730
277 982
403 647
389 952
764 290
405 627
518 655
226 913
249 368
502 66
86 397
235 837
37 71
40 821
829 491
904 926
338 582
123 648
341 305
804 703
861 954
753 785
221 283
95 358
939 644
390 776
209 999
395 610
801 763
969 329
355 543
383 59
942 404
84 900
396 8
913 882
608 630
537 574
59 334
810 522
44 538
857 559
232 778
287 182
534 221
737 967
850 350
852 496
703 59
435 752
352 18
957 587
517 431
487 700
918 474
918 862
261 713
82 22
154 955
817 73
466 889
292 525
756 106
704 453
232 454
603 713
196 161
720 555
572 580
811 900
461 3
924 701
337 125
263 737
855 471
153 155
209 187
124 247
836 480
15 269
573 369
369 317
591 638
189 522
816 892
11 474
199 433
716 285
453 961
169 614
367 911
481 820
831 60
969 883
503 95
621 664
808 843
347 499
373 639
523 468
218 345
156 155
853 993
913 496
786 894
604 537
540 817
902 936
636 170
964 753
17 340
967 775
772 460
991 216
575 281
282 592
601 182
104 379
895 572
911 827
914 109
787 777
633 517
62 311
58 453
255 290
968 133
903 776
101 904
131 531
286 794
982 727
586 260
825 317
625 362
294 757
28 385
286 677
434 1000
342 737
736 616
849 975
728 629
928 380
74 210
232 870
619 114
568 980
770 144
908 652
610 339
64 371
822 676
788 636
395 160
426 733
7 424
724 846
304 177
983 979
750 970
847 128
444 757
564 906
429 359
766 80
999 719
935 733
827 444
953 760
686 369
944 112
383 962
160 719
806 842
203 739
523 52
462 320
484 152
983 166
705 896
328 868
211 945
161 68
476 195
971 631
517 943
441 948
315 991
871 706
548 679
401 486
571 126
864 628
294 363
578 318
491 788
209 321
856 900
484 845
13 721
105 624
68 524
501 526
321 184
498 414
123 116
30 704
514 969
363 549
60 515
812 530
874 955
892 288
35 839
708 621
724 592
191 741
616 290
46 572
85 33
498 722
172 268
877 342
458 36
482 190
209 926
966 148
238 292
745 857
27 950
410 50
287 360
144 234
680 972
623 884
640 900
222 823
465 546
931 861
218 902
737 926
460 975
571 275
421 381
993 101
81 611
448 574
323 698
430 898
90 723
394 180
480 399
544 886
894 54
21 16
817 145
690 737
283 797
196 106
655 930
815 870
580 240
764 629
410 648
646 783
501 942
557 353
362 528
492 743
219 441
176 468
11 652
734 871
401 561
842 873
609 610
96 593
836 577
820 852
108 550
509 677
829 514
765 720
467 339
935 154
920 657
139 405
349 860
697 780
40 572
113 218
956 634
994 677
846 642
777 409
206 371
330 239
1 951
734 675
772 388
520 501
479 460
636 833
654 197
269 190
531 215
779 558
563 166
809 42
22 841
848 576
963 935
781 180
585 563
587 237
383 6
352 698
743 486
864 523
583 377
793 667
399 817
905 761
836 555
893 582
840 558
514 307
737 954
509 426
171 956
188 886
512 242
27 688
46 396
178 316
253 856
968 532
301 468
340 536
162 264
407 726
384 161
405 213
392 748
45 206
410 637
285 383
784 322
966 606
474 296
663 602
673 990
51 990
529 658
180 762
508 223
955 408
388 527
686 536
580 123
266 495
160 614
103 702
696 536
548 537
987 107
769 476
954 848
994 773
407 438
778 2
265 173
706 779
310 623
824 179
612 315
812 293
222 563
15 462
735 447
735 295
595 700
87 56
195 714
113 117
100 885
216 330
142 118
237 460
276 760
260 5
639 689
127 493
886 842
498 651
999 553
446 699
710 420
782 49
142 144
329 399
717 548
614 832
26 489
382 900
516 244
347 963
218 497
361 911
16 582
771 478
888 632
26 139
743 266
447 857
857 643
586 451
255 252
222 783
903 602
335 52
710 96
586 82
609 147
222 926
850 351
997 540
745 563
357 957
770 60
111 642
330 487
617 521
923 582
447 652
874 248
784 128
824 941
732 206
415 162
550 987
898 152
430 738
224 989
443 317
154 952
413 925
250 801
215 273
197 998
590 839
25 561
600 535
656 345
343 77
271 656
64 980
138 103
107 918
645 237
112 992
993 617
8 583
940 176
391 992
393 947
343 147
590 144
703 915
839 374
1 997
87 174
374 910
568 571
242 149
26 998
483 133
893 466
566 312
117 377
246 740
843 882
937 505
976 401
192 672
389 778
835 470
87 637
900 154
460 401
636 794
469 173
937 155
706 456
65 496
729 162
199 901
989 555
136 261
344 168
92 606
444 195
227 725
340 412
427 583
731 837
3 68
220 709
670 992
178 482
842 77
735 666
162 116
284 589
639 126
206 784
150 247
44 398
101 587
690 408
509 246
154 877
140 776
904 775
768 841
828 765
531 603
818 391
989 430
479 736
799 606
391 814
195 185
323 908
128 110
347 18
869 185
689 259
512 260
684 817
972 694
369 335
242 983
929 237
858 317
881 756
552 916
717 70
314 427
703 951
377 821
195 356
12 790
54 441
94 634
976 95
209 320
797 95
74 358
890 666
455 191
95 852
596 847
833 363
744 331
800 860
137 419
346 794
815 412
854 114
913 364
237 404
39 738
202 452
80 465
269 153
342 945
334 833
99 220
407 15
374 70
565 487
602 668
731 816
918 360
175 369
550 295
729 183
141 274
783 743
970 954
588 637
404 964
853 623
883 285
838 253
822 534
19 955
724 252
158 766
305 154
949 657
987 578
118 750
224 227
980 469
283 879
860 99
662 169
276 476
426 577
500 882
949 947
751 507
558 345
565 579
766 220
676 684
720 500
438 299
284 581
232 174
413 103
94 820
111 126
683 265
205 197
812 435
377 864
727 64
557 385
90 54
181 925
218 146
772 359
646 328
904 311
463 692
467 689
368 410
866 505
294 118
540 890
363 937
49 89
843 907
420 936
611 439
652 755
504 537
513 458
674 611
217 53
843 24
476 583
424 442
329 595
360 748
531 327
975 467
387 95
460 703
192 37
965 662
732 679
126 402
970 252
53 824
684 834
80 874
64 111
692 609
532 970
978 86
442 420
635 91
897 696
505 749
568 909
698 964
940 649
558 40
653 300
215 415
589 686
720 803
186 131
684 646
262 308
943 743
233 164
106 442
414 499
626 693
413 868
917 504
333 193
405 212
613 282
690 533
234 425
896 188
73 621
238 305
662 407
355 631
929 292
68 784
646 123
688 141
391 532
588 430
759 695
885 1000
959 81
748 676
913 196
721 228
51 413
207 742
338 915
137 196
446 350
992 437
674 933
658 350
416 925
623 378
99 54
597 283
339 519
854 186
913 308
17 511
71 68
520 402
550 50
844 347
408 827
283 461
35 636
819 46
700 378
458 125
406 501
407 932
869 841
696 291
204 728
727 896
139 411
309 871
681 492
239 775
960 181
362 424
840 587
782 626
465 436
867 582
828 922
91 20
546 677
943 933
413 634
732 856
40 258
974 773
996 709
172 263
620 901
568 792
167 923
803 12
806 989
6 789
903 25
906 783
898 751
289 775
271 659
664 885
591 346
102 829
565 699
12 525
141 879
646 980
831 344
210 705
229 182
674 5
161 190
313 107
177 948
668 726
513 818
697 205
200 531
61 288
422 406
226 527
940 471
890 866
130 841
627 317
904 352
578 331
873 880
962 42
618 600
178 637
394 526
605 930
640 298
819 460
61 784
378 148
610 971
147 827
477 576
919 425
422 195
406 708
498 605
891 990
746 491
911 773
382 711
316 437
334 874
226 947
924 432
139 840
526 100
303 53
530 27
269 197
204 542
577 92
835 644
539 152
79 835
635 307
566 331
434 998
919 109
136 612
391 468
857 670
143 867
348 791
577 751
889 45
687 358
949 856
862 280
331 848
332 85
617 603
961 761
999 97
33 775
128 978
572 917
464 237
549 419
918 778
917 463
16 918
856 541
111 903
295 380
154 524
964 125
656 326
699 248
239 35
422 577
573 799
477 316
816 60
20 36
993 628
208 204
775 212
778 72
82 685
506 545
894 724
128 397
918 676
976 448
878 168
608 412
368 657
556 852
316 657
725 571
63 420
130 813
61 707
796 282
860 657
735 263
262 390
597 354
970 404
915 493
682 32
421 92
596 558
118 190
527 184
621 45
578 224
687 966
139 884
140 395
378 906
74 387
37 29
499 946
526 499
428 777
72 672
738 109
520 136
746 544
380 664
571 567
222 821
795 399
748 485
328 488
58 721
404 965
225 96
995 580
379 919
895 487
366 659
701 682
861 652
124 961
20 644
432 100
195 477
134 703
822 305
533 834
96 209
153 398
266 151
158 921
426 465
614 6
372 437
159 497
669 420
814 567
710 435
289 952
197 735
527 155
365 499
872 351
360 115
328 529
613 40
480 956
172 930
764 196
416 148
261 418
557 529
358 780
161 320
260 412
334 935
643 477
307 859
271 316
701 439
904 135
765 882
901 631
222 469
683 972
668 215
961 91
156 995
812 86
26 505
919 326
478 242
78 968
616 431
910 191
161 908
320 214
273 202
202 240
274 677
682 294
743 892
908 932
723 526
202 67
628 847
944 912
588 531
130 407
634 433
943 787
819 99
808 14
990 282
168 365
615 579
27 690
232 672
508 533
439 657
440 813
737 41
59 5
757 422
27 547
714 299
738 437
44 230
282 158
340 905
272 473
59 995
354 977
739 280
873 475
211 668
508 362
471 86
557 177
850 957
993 335
107 940
690 696
918 514
741 421
744 471
462 702
375 875
410 797
832 203
659 398
872 443
356 20
780 758
431 538
927 609
733 690
384 751
593 7
869 466
677 751
308 70
795 636
613 989
299 75
377 605
708 999
548 840
436 162
790 945
203 233
427 481
867 444
604 679
272 581
496 204
385 917
227 76
10 705
251 338
696 197
716 184
425 81
250 38
749 448
900 454
869 999
448 13
675 990
674 759
397 124
537 993
772 152
166 443
922 813
217 138
491 254
866 990
795 454
836 762
946 102
286 735
639 247
70 182
309 870
239 741
420 385
371 469
633 938
524 783
139 491
657 718
89 600
120 962
249 802
935 48
106 253
328 143
791 336
44 315
617 527
67 746
12 345
430 952
894 253
605 118
23 571
986 31
327 821
404 66
298 589
44 89
854 448
414 127
876 830
788 296
165 931
202 797
875 973
668 774
376 1000
584 13
737 497
261 377
725 964
797 343
487 893
78 681
459 432
189 519
924 606
490 824
485 364
379 249
694 880
238 44
649 337
602 211
674 228
678 676
56 179
316 637
13 571
442 967
17 696
511 706
921 994
26 646
217 17
882 805
907 852
623 526
688 837
553 580
145 983
92 937
40 788
203 320
829 12
27 62
619 952
951 419
896 474
494 816
853 375
891 684
620 38
350 275
202 557
933 272
295 827
606 510
922 367
357 868
616 788
70 301
552 60
701 645
885 216
597 596
283 532
106 209
73 488
681 745
573 459
477 342
997 655
135 240
447 674
713 216
789 147
847 141
371 124
543 132
853 796
231 728
125 437
931 254
676 821
607 781
353 586
418 134
834 542
137 758
524 454
447 17
855 500
214 484
228 591
135 69
487 784
354 763
871 895
543 331
105 347
638 847
251 606
732 272
113 832
403 4
650 15
357 373
270 340
510 479
739 613
117 825
859 268
368 737
441 667
761 782
562 723
913 465
289 479
290 624
991 168
117 603
632 753
299 738
670 503
179 440
461 23
386 738
739 208
460 439
815 271
763 54
986 987
915 349
535 668
826 768
166 225
297 86
26 444
796 168
191 694
178 211
985 225
773 680
834 390
781 141
175 130
583 1
658 216
382 962
862 72
387 498
1 676
391 426
502 427
729 277
128 44
145 324
900 700
835 897
231 56
589 934
299 776
497 835
738 332
297 530
540 506
762 326
926 967
582 101
838 243
182 375
720 938
443 153
616 927
586 251
93 985
367 302
44 512
552 310
58 419
205 272
424 887
728 535
732 39
344 884
736 34
720 615
997 901
410 835
231 589
570 425
457 656
521 747
519 16
902 408
559 883
284 583
54 377
475 980
739 675
594 354
405 513
962 478
925 202
263 487
273 611
431 634
481 768
7 994
926 204
566 375
493 89
95 805
901 498
403 864
708 908
622 78
329 805
551 118
311 973
437 690
796 383
344 294
791 564
189 130
597 261
435 62
418 428
621 758
520 504
919 464
667 379
722 770
155 588
84 287
636 860
407 855
142 187
773 374
199 958
408 801
333 820
541 463
744 741
636 947
605 572
183 586
717 654
350 457
939 668
541 608
433 259
605 429
456 636
273 346
3 113
447 806
709 671
124 786
953 66
23 776
295 929
791 105
779 545
796 961
488 700
729 482
987 642
18 577
224 214
62 782
491 960
331 795
248 75
747 147
73 416
366 543
721 636
774 518
723 474
768 683
315 348
922 428
195 226
585 430
396 571
717 345
613 280
697 114
266 27
820 614
128 40
898 580
613 361
662 239
475 816
884 412
812 401
800 585
727 102
180 283
623 49
984 661
601 531
728 335
289 165
881 259
463 741
155 732
11 172
374 904
69 894
363 593
673 392
30 543
605 973
877 104
659 77
826 742
666 883
364 860
504 455
752 286
716 185
919 500
922 520
703 397
562 531
778 980
787 862
827 669
610 775
705 57
891 786
14 333
865 435
937 94
928 222
669 527
792 637
676 509
605 433
87 926
112 234
993 343
187 280
888 635
27 883
121 12
377 250
187 393
975 208
432 368
305 966
912 42
987 750
410 551
779 730
961 531
121 366
824 961
219 905
98 518
637 723
415 175
96 43
701 578
903 138
914 31
551 660
453 393
71 974
513 337
282 18
626 550
24 349
264 581
854 574
765 81
732 414
862 777
918 559
600 824
950 43
659 282
751 896
682 921
935 121
221 647
393 146
359 811
569 817
143 26
557 600
1000 395
873 899
584 714
380 373
535 917
757 741
497 439
185 846
889 531
455 506
536 924
701 510
539 463
693 911
304 956
736 927
790 700
924 679
351 202
49 968
50 355
126 718
416 665
202 166
979 482
395 565
87 973
257 564
130 314
60 191
545 557
493 563
269 933
210 484
734 43
828 180
331 628
728 960
800 477
970 901
143 877
6 683
84 779
693 995
469 863
642 419
40 337
335 186
145 441
546 711
529 319
196 348
949 698
680 129
845 633
771 413
375 750
541 576
932 319
182 138
742 82
409 862
581 976
505 901
56 677
935 729
977 355
945 781
968 122
733 934
699 250
298 689
445 702
393 835
285 469
647 487
788 444
664 194
242 978
152 406
685 852
691 811
52 375
792 166
343 177
280 378
341 863
53 75
96 738
939 102
225 962
7 526
467 809
798 815
378 468
566 283
15 3
660 852
535 840
645 525
886 612
706 150
981 784
449 103
549 636
949 306
165 355
81 554
963 650
624 642
397 336
326 318
311 654
203 1
666 939
296 943
460 432
213 216
67 147
660 537
790 600
996 170
278 428
170 749
156 776
885 437
862 190
221 302
653 833
191 774
804 755
311 477
629 322
245 73
28 481
988 487
456 720
348 838
421 670
60 50
64 896
425 493
583 294
966 426
269 858
932 238
74 242
719 230
680 238
314 820
847 66
427 639
979 58
504 28
709 109
358 21
736 418
414 267
625 854
457 804
171 626
245 653
998 69
457 949
760 300
8 853
500 893
712 957
926 706
651 10
871 943
766 195
641 16
347 115
438 302
208 283
276 604
437 541
870 365
157 321
893 196
416 456
487 823
648 801
627 40
420 765
216 677
495 781
494 224
389 28
565 915
488 473
470 89
643 825
290 691
848 105
167 155
631 406
632 560
268 818
397 658
470 456
864 643
226 676
263 789
782 319
749 184
198 582
125 766
421 237
890 510
48 847
41 302
551 343
729 37
639 622
170 458
753 927
806 99
261 30
995 934
613 635
183 916
164 295
1000 927
448 594
56 392
98 984
918 267
97 893
231 889
338 385
546 954
925 881
73 244
71 417
304 384
710 120
905 846
438 206
41 624
707 659
588 65
106 22
219 989
267 96
811 753
59 116
666 148
651 328
64 558
376 240
563 516
395 406
182 114
569 560
256 111
665 453
884 255
229 14
436 872
94 900
169 56
613 360
765 61
983 106
530 944
492 96
100 396
63 24
267 527
808 965
900 15
654 632
462 606
478 23
683 20
595 708
734 609
934 359
916 758
630 566
338 910
299 668
502 933
13 614
269 508
694 551
660 755
131 487
169 184
49 850
346 576
113 331
60 438
408 911
740 304
209 824
840 946
730 490
679 407
645 259
887 336
246 88
621 132
274 647
368 246
705 169
981 170
946 149
179 830
530 526
700 484
499 541
240 957
467 123
710 213
735 674
719 297
166 667
116 274
316 364
10 643
482 580
927 348
784 998
767 29
895 40
353 977
283 522
418 815
71 683
408 361
318 812
271 885
653 333
474 758
954 316
352 134
728 545
927 3
474 665
491 717
76 757
148 218
756 119
43 388
59 519
604 35
110 428
607 952
152 12
959 259
319 160
690 564
930 7
414 140
815 832
564 576
358 537
363 897
414 799
533 459
579 389
321 437
105 270
955 554
740 144
484 37
669 140
7 549
178 745
696 790
513 672
863 746
602 64
911 96
454 917
535 916
95 909
281 881
254 317
138 832
636 167
363 461
643 40
223 105
631 124
155 473
782 102
570 644
790 701
94 222
635 470
32 251
396 554
292 293
246 164
384 704
13 253
239 805
795 55
66 585
639 260
363 9
455 569
222 860
294 633
465 569
652 363
328 463
793 865
808 57
809 256
528 424
693 994
675 683
349 504
577 669
768 630
605 39
399 664
683 30
534 109
183 113
96 89
629 161
275 688
426 710
408 325
818 304
983 658
759 299
865 934
828 761
558 470
500 794
49 198
837 357
880 712
42 921
150 580
284 974
765 131
147 446
384 28
332 962
653 109
834 540
67 119
530 773
38 564
419 562
494 90
722 329
25 911
228 130
484 20
158 237
706 769
807 81
497 112
523 358
7 521
678 710
790 908
717 164
403 484
597 510
246 708
431 306
325 731
752 633
421 200
575 427
449 23
985 453
308 350
347 752
645 185
939 404
383 675
467 503
838 666
70 816
532 621
679 462
597 65
9 680
763 185
416 678
960 419
64 232
338 523
141 44
793 581
26 348
800 395
909 39
415 290
628 527
79 321
810 572
683 710
23 185
616 233
121 203
799 456
321 537
965 976
533 764
775 595
118 744
948 849
899 271
849 712
921 203
737 238
291 479
989 236
438 146
115 771
436 594
667 616
138 374
654 662
625 806
578 64
595 250
637 267
470 914
570 452
230 983
693 442
908 299
879 419
668 840
335 733
264 288
414 196
253 356
599 767
171 49
289 46
405 772
290 321
972 805
4 727
280 343
782 482
765 378
152 657
480 814
501 636
678 64
21 945
260 415
733 15
670 326
708 541
303 283
678 893
660 728
430 913
834 87
230 884
673 339
715 248
123 373
711 140
368 124
579 550
429 947
446 531
717 652
630 151
72 735
389 678
516 172
385 11
168 50
449 557
870 529
852 4
322 807
325 132
1 630
447 945
692 540
987 644
948 646
951 353
917 689
629 71
225 129
163 87
755 529
383 752
809 489
173 114
567 166
932 481
104 524
283 847
552 276
43 411
487 628
627 233
58 52
63 805
431 961
124 309
513 8
292 757
959 383
742 837
780 610
192 88
587 772
324 678
896 47
751 249
898 681
931 767
674 223
684 768
502 608
114 432
886 562
482 332
856 577
838 945
398 118
76 212
521 193
354 370
906 397
548 986
35 345
644 281
477 632
541 143
546 87
458 135
758 282
276 771
75 584
801 403
252 635
296 907
813 928
175 215
985 223
948 469
669 525
781 211
734 77
492 26
614 679
446 873
583 344
508 854
73 151
1 594
51 633
611 915
631 588
213 714
927 351
340 347
931 792
291 185
534 215
225 173
63 645
245 290
690 497
582 163
127 770
538 13
870 238
2 862
221 308
405 131
23 564
667 705
997 842
232 460
802 872
932 763
972 568
3 713
721 308
907 580
945 880
426 818
566 96
180 731
879 475
590 578
292 745
42 708
560 9
963 84
306 957
453 826
792 76
100 417
891 406
128 340
96 728
282 757
239 447
341 810
877 808
659 141
790 993
180 239
795 605
356 361
263 719
639 882
485 587
783 52
363 575
414 585
436 129
869 725
70 636
986 851
461 876
342 942
970 463
700 564
882 691
956 686
922 618
80 633
977 653
874 867
982 382
434 128
416 667
967 221
539 239
891 816
715 494
93 270
663 134
75 429
957 421
374 281
70 6
202 390
24 858
41 796
23 148
231 17
987 863
272 88
697 841
716 874
774 787
872 983
653 142
134 742
326 958
885 165
832 991
325 384
747 204
491 906
556 494
150 379
262 353
729 762
879 680
849 397
335 986
29 539
871 820
653 449
858 629
984 936
626 761
309 315
440 710
811 585
495 32
43 483
427 832
780 964
105 62
656 698
155 399
287 724
555 588
283 114
336 262
119 517
507 367
774 121
467 973
980 882
824 394
896 23
155 632
906 144
121 934
488 511
971 506
189 409
704 995
264 352
643 876
43 828
562 868
670 363
393 285
433 856
381 846
464 678
192 904
391 398
183 426
919 457
422 227
891 886
503 460
553 281
863 124
888 872
479 359
544 52
999 620
713 448
739 435
353 348
174 866
88 31
198 36
737 694
572 427
645 491
792 945
193 420
891 589
255 34
307 460
352 259
193 597
240 712
98 746
384 937
896 960
562 337
873 720
870 807
598 790
1 164
131 553
284 781
943 718
675 420
881 847
515 335
241 744
211 644
214 549
255 116
695 174
55 271
833 925
940 87
408 64
923 803
566 24
603 311
254 949
462 678
923 976
30 106
358 599
555 313
167 951
446 250
215 939
581 452
384 775
276 797
481 773
764 192
608 60
332 758
53 173
312 105
459 202
42 446
260 265
522 996
794 833
137 66
302 644
85 380
821 168
184 35
743 971
792 980
551 448
701 435
773 70
756 770
425 232
52 905
829 367
133 328
657 838
568 487
932 801
230 599
749 361
532 753
493 555
442 591
904 888
335 312
406 884
411 344
658 827
903 590
31 820
945 429
340 465
567 902
144 204
473 688
330 235
135 902
384 490
934 630
149 806
425 638
889 233
395 170
343 720
261 845
724 797
743 83
939 177
529 985
803 134
219 991
145 976
111 545
544 988
775 852
776 846
707 546
693 763
275 590
650 654
376 865
72 457
42 737
958 979
674 506
379 352
380 31
57 484
512 112
270 352
777 844
223 247
54 835
670 129
285 189
470 123
553 917
610 734
20 318
359 913
347 541
223 230
8 493
118 472
355 54
392 12
595 93
34 577
899 607
463 516
967 116
510 996
283 83
781 496
112 15
363 531
352 638
408 768
870 720
597 120
799 732
196 935
409 899
930 873
827 527
203 297
246 201
174 922
912 271
605 398
291 858
787 577
202 99
40 90
373 250
391 495
429 184
493 931
434 846
992 940
331 730
480 240
939 923
615 842
582 17
881 41
770 135
662 921
81 540
516 566
131 720
832 867
851 193
745 454
716 139
673 658
525 657
859 888
54 26
113 638
266 58
617 79
524 429
234 537
203 986
191 117
829 979
260 306
962 180
764 8
584 382
807 475
510 900
4 831
846 546
795 604
88 712
576 685
42 25
652 850
959 854
503 378
783 164
4 93
703 349
428 941
91 749
918 949
687 809
249 277
910 200
450 300
37 100
113 454
776 236
852 863
170 248
183 655
465 942
669 528
943 241
469 634
52 534
934 988
847 341
334 696
139 442
766 671
576 153
151 307
245 404
855 118
596 704
902 388
76 934
239 618
325 500
757 489
888 376
797 834
600 300
893 761
839 759
439 229
29 617
656 413
50 900
736 171
718 367
738 633
64 616
927 225
180 922
720 639
405 791
690 583
56 535
608 945
78 232
129 946
21 328
531 491
632 313
320 779
483 457
450 130
214 363
333 434
878 194
842 892
224 571
432 936
872 503
998 619
391 603
910 761
871 348
220 943
994 950
540 590
703 2
445 782
379 118
588 322
597 508
545 17
618 953
412 104
125 727
240 303
251 161
436 277
772 431
744 894
291 679
570 678
383 266
80 614
298 421
89 472
499 701
19 517
153 571
672 489
383 107
519 789
335 468
11 514
729 281
559 485
947 383
35 281
917 667
496 547
723 228
652 152
14 981
910 662
371 318
44 360
128 947
935 920
205 699
182 149
149 84
704 405
814 862
220 880
676 859
382 380
590 897
537 59
385 294
404 6
957 878
67 452
431 815
710 622
841 749
609 665
890 982
931 508
248 15
772 952
534 587
169 645
59 553
75 525
356 125
926 161
570 151
932 786
916 511
683 412
846 888
934 764
52 197
20 283
976 49
708 554
864 489
721 259
137 210
982 106
677 552
273 786
240 331
27 303
924 215
598 58
928 18
765 971
36 567
933 783
95 84
761 520
180 774
729 42
748 770
325 991
400 298
293 49
144 372
443 652
481 305
322 515
786 498
127 212
532 754
292 383
754 574
1000 240
166 400
369 612
889 285
192 59
783 547
663 647
259 159
776 307
687 199
156 954
303 718
624 109
309 781
747 315
24 915
44 558
32 626
362 153
349 397
499 288
83 33
158 589
766 294
353 827
962 971
676 921
179 739
397 409
310 395
332 727
719 997
941 107
46 369
505 898
500 860
581 917
820 755
839 395
34 184
272 621
628 80
152 51
775 117
508 214
842 722
665 379
62 287
360 453
731 246
659 405
699 916
519 129
812 397
133 612
588 934
401 534
310 673
574 659
206 567
472 989
166 94
56 156
644 485
347 495
475 722
170 108
190 107
327 438
536 789
990 955
887 158
138 529
195 576
235 543
354 816
803 769
810 47
360 528
913 302
472 106
401 82
147 658
387 131
340 16
549 996
827 526
796 771
191 859
892 692
914 434
500 333
762 152
727 205
602 961
491 130
81 39
567 998
180 688
182 384
519 515
116 396
361 291
753 808
334 494
652 55
819 542
770 422
720 773
465 414
712 873
555 685
577 833
907 80
105 64
50 707
916 226
664 891
889 704
893 24
970 152
395 957
134 242
449 716
51 688
416 499
803 737
987 76
241 354
591 628
441 928
798 932
565 935
803 590
769 674
954 750
6 331
669 137
172 615
165 795
798 823
69 973
547 629
19 44
945 468
510 901
593 503
18 419
290 348
502 403
70 553
808 119
221 947
296 502
156 2
950 956
809 824
133 382
838 701
415 900
587 511
697 659
350 107
482 35
469 295
572 504
725 214
982 606
993 375
97 186
27 851
857 736
378 430
219 715
884 719
79 111
500 208
23 263
767 50
629 61
956 323
116 480
887 885
432 495
729 591
288 899
573 454
520 558
6 969
873 372
10 584
31 46
343 264
879 682
955 138
79 306
323 996
548 235
92 191
336 361
228 943
245 983
15 587
772 822
441 226
110 318
518 225
21 343
632 314
760 879
917 285
321 485
319 86
246 706
708 49
570 240
294 272
168 900
632 425
405 601
262 818
68 741
397 537
915 164
976 86
835 157
845 299
622 183
330 607
863 715
77 706
924 861
618 934
749 208
74 600
751 646
710 812
338 853
890 486
235 743
507 794
146 76
613 754
652 710
924 99
291 678
754 392
387 219
878 601
458 44
740 602
923 42
27 17
53 813
130 282
848 747
447 777
72 565
645 84
496 725
713 940
245 454
193 555
197 99
770 221
257 822
506 3
761 24
563 782
513 273
28 122
210 897
727 676
179 646
225 324
79 353
11 961
432 26
612 971
95 87
902 371
356 612
768 883
474 348
702 732
614 56
687 883
638 946
840 69
589 374
648 87
405 923
543 389
980 801
911 481
111 135
919 954
594 351
632 342
488 692
473 318
695 511
241 298
422 321
351 293
264 895
925 118
677 757
713 644
933 603
497 17
480 801
172 559
265 411
983 273
979 756
541 55
995 204
929 718
89 464
970 434
398 187
436 490
966 914
701 290
599 834
708 966
541 345
355 250
321 958
395 659
606 353
134 111
152 848
565 452
640 933
602 65
457 319
117 461
620 468
32 917
899 33
258 171
247 719
654 309
662 412
126 484
701 998
170 894
136 546
323 608
305 989
69 140
710 377
129 303
607 396
974 897
16 669
305 46
969 7
724 799
429 389
547 318
289 530
774 507
831 766
262 303
346 468
704 498
44 115
574 472
897 125
493 500
974 125
171 368
954 854
798 175
113 545
183 457
423 94
850 838
190 447
707 211
229 155
342 362
789 793
3 908
265 213
764 887
648 530
838 805
802 263
234 709
784 879
833 443
217 910
593 52
132 926
276 529
798 762
730 212
714 753
270 51
493 858
757 701
481 626
759 67
887 14
744 808
28 97
553 710
346 588
165 136
8 205
83 531
123 274
610 768
386 854
207 434
309 776
528 531
526 2
530 65
749 331
572 324
386 969
667 120
778 819
412 533
804 311
127 88
535 781
424 187
460 809
887 626
526 348
984 403
982 930
236 320
202 496
381 512
1 448
594 961
166 750
633 29
101 607
340 725
125 329
3 274
628 352
684 722
81 931
577 550
398 477
447 692
196 500
243 547
845 545
737 184
242 630
262 267
180 151
680 456
257 393
105 71
435 696
604 63
396 980
703 677
584 51
712 72
986 166
422 687
669 358
707 207
979 562
447 72
488 119
457 5
272 872
104 39
67 189
494 464
635 942
962 178
748 647
768 359
808 820
881 290
311 899
942 803
372 943
263 712
213 493
624 524
933 996
716 500
420 521
731 657
693 840
627 544
648 251
868 286
249 426
925 753
696 231
492 122
311 726
925 610
912 591
776 238
151 254
501 386
986 739
643 350
112 188
648 424
741 636
11 617
486 981
415 475
98 709
596 68
282 396
788 918
970 785
607 452
629 60
281 76
652 69
217 94
384 323
603 526
840 332
719 988
645 985
850 93
462 431
141 682
205 503
261 421
188 651
229 497
767 625
716 965
764 985
871 535
730 729
379 445
916 118
129 844
774 124
333 484
411 614
780 549
638 881
327 714
954 784
617 186
217 804
489 591
255 804
791 776
460 120
951 908
412 251
286 911
807 34
789 563
167 323
26 885
707 342
891 149
618 935
801 141
843 790
493 913
998 162
28 58
602 467
51 331
930 602
201 602
109 193
166 136
100 900
191 559
32 172
320 192
633 552
635 502
505 157
748 175
112 73
809 53
645 327
615 601
317 246
744 542
47 477
343 890
737 715
496 327
596 378
923 218
448 250
265 788
503 668
732 586
140 368
361 868
763 520
123 937
641 574
418 625
861 155
862 364
899 482
719 237
850 396
978 345
836 591
177 254
175 607
268 147
127 808
932 122
384 432
737 660
115 918
847 73
483 986
335 869
159 75
774 540
938 645
769 188
812 246
888 116
318 635
689 69
110 505
334 193
972 579
314 373
944 228
712 128
732 323
418 279
539 977
759 570
156 391
48 312
820 942
103 738
416 316
963 958
359 793
454 567
458 570
29 916
209 420
428 706
32 379
977 172
109 387
795 518
78 646
748 606
855 986
514 930
180 210
843 818
420 577
97 692
325 588
990 822
97 549
829 364
338 713
50 341
252 595
739 595
915 383
365 460
387 54
351 777
762 928
250 124
434 71
400 187
588 804
729 396
203 270
455 620
663 203
335 426
926 779
122 293
654 314
509 483
128 261
402 924
602 922
624 254
823 310
664 677
718 536
980 275
656 57
36 73
359 857
879 527
111 625
628 269
274 864
850 259
232 566
999 422
548 78
955 68
921 84
956 170
279 568
230 494
747 294
197 777
181 404
119 680
266 178
762 361
24 448
426 444
926 481
820 620
694 77
452 360
185 179
239 96
3 894
905 57
336 449
427 26
814 602
449 742
600 802
604 890
807 311
845 64
211 392
78 337
411 558
709 393
198 874
395 241
496 648
838 794
655 880
259 515
955 860
190 105
964 624
345 192
180 806
998 787
677 458
863 403
234 922
616 212
302 385
854 178
838 599
843 943
237 340
832 412
155 97
913 189
454 223
827 659
535 706
968 705
135 688
9 740
265 626
393 382
334 560
190 564
925 959
123 627
342 723
623 838
348 660
990 223
59 491
313 975
707 770
912 145
987 887
54 546
933 357
404 533
478 386
904 629
387 171
948 870
760 298
872 804
196 358
470 653
137 912
119 741
654 675
396 759
643 690
684 354
372 214
85 923
361 67
737 296
529 573
480 686
337 107
43 394
661 144
440 268
4 629
849 208
706 508
159 583
593 67
518 138
155 912
946 957
103 810
364 618
220 966
929 58
215 733
626 228
221 768
76 5
114 464
132 247
265 466
496 144
226 873
65 173
565 232
659 747
757 991
114 690
976 281
192 808
726 917
216 222
990 782
80 637
833 81
285 706
248 606
635 346
105 230
218 662
59 503
67 768
672 686
170 823
743 182
853 594
392 475
840 623
239 631
116 482
176 791
451 415
380 559
331 985
622 395
567 234
328 33
805 561
384 243
457 899
318 604
963 393
802 55
25 880
387 889
228 937
979 755
879 394
419 424
862 860
223 726
318 702
302 246
833 688
842 744
403 156
81 74
155 975
817 478
652 422
694 932
536 2
391 596
820 890
342 2
308 150
570 865
555 255
462 923
431 328
677 672
872 152
399 41
367 651
575 470
755 151
178 1000
549 759
18 1
311 644
62 334
786 620
303 96
578 740
840 604
164 442
865 531
627 940
246 106
130 361
264 511
377 90
583 254
490 731
198 24
740 555
447 779
763 410
205 965
6 766
499 728
980 336
746 699
254 402
771 174
529 153
974 939
831 998
615 911
980 248
617 320
698 553
701 674
408 311
7 369
514 71
293 642
819 600
785 536
637 578
794 358
500 266
729 843
738 651
133 589
926 394
659 525
915 631
884 832
383 799
332 995
817 844
336 950
322 178
699 909
441 109
613 207
815 775
525 777
855 6
109 352
38 932
403 41
172 922
907 713
158 349
967 985
143 43
200 595
552 776
186 522
5 54
63 712
47 975
215 645
455 154
315 650
169 821
721 256
557 666
246 293
321 146
998 884
713 996
61 848
383 700
749 67
950 890
460 466
853 101
31 761
640 520
330 930
791 787
341 7
479 327
77 412
790 489
539 529
41 190
406 486
580 981
725 140
550 489
933 511
301 778
131 77
648 353
766 503
260 623
154 502
301 261
659 795
279 652
913 899
257 999
75 600
351 703
990 508
712 515
339 481
20 578
760 271
922 98
357 911
589 724
182 298
510 103
58 364
809 492
349 749
421 926
120 968
139 165
676 900
755 645
572 853
918 841
922 260
410 464
943 750
625 965
55 510
461 899
334 179
742 28
45 196
125 118
487 627
748 803
516 771
205 446
228 865
482 117
214 436
620 719
567 496
163 918
709 978
135 356
450 417
968 775
327 764
751 600
609 555
66 356
670 122
363 808
803 599
720 247
596 938
150 978
209 374
195 295
15 464
436 59
129 597
259 514
830 463
423 783
65 855
303 341
203 225
497 396
797 143
32 503
360 900
235 528
806 167
735 327
57 932
602 392
948 188
790 683
353 446
705 897
466 951
636 895
175 109
112 3
938 793
978 986
316 149
62 401
529 492
108 87
398 951
640 954
574 682
705 721
679 755
774 921
837 687
614 600
935 379
784 845
186 668
549 195
456 750
218 981
349 125
411 378
340 352
896 678
434 733
326 855
755 579
58 657
844 395
31 166
11 954
235 408
182 161
590 802
497 689
496 844
707 514
101 319
228 234
819 912
15 963
966 545
271 629
970 556
371 25
29 675
670 879
177 368
305 443
589 427
88 167
315 750
444 226
985 902
214 464
567 468
733 972
347 177
369 345
668 653
869 28
582 755
471 336
369 298
426 179
502 590
878 149
219 360
648 560
722 385
445 998
104 184
314 105
398 420
626 229
540 661
808 709
604 791
385 610
901 68
498 963
374 701
47 884
639 718
825 346
830 197
468 910
910 93
108 405
496 127
387 224
796 92
908 518
106 754
822 95
182 807
387 113
631 920
268 7
83 670
638 406
39 935
374 274
680 987
553 83
629 280
667 247
351 614
559 461
129 613
602 928
842 115
828 463
588 595
19 824
300 907
999 11
103 86
383 294
476 68
370 707
372 21
580 594
822 691
953 704
456 488
534 103
2 908
150 380
444 537
928 898
768 763
914 857
849 384
315 300
230 185
786 961
992 392
429 832
156 183
388 683
6 589
626 581
279 943
875 878
858 400
507 354
641 190
492 758
404 950
528 461
214 367
307 571
627 450
629 656
977 151
315 1000
502 682
677 734
204 139
26 960
874 172
960 957
513 646
660 851
147 896
938 157
830 391
318 251
982 66
621 258
933 902
972 108
761 647
43 832
269 318
217 117
782 278
700 614
886 793
65 57
998 939
277 939
308 715
368 86
666 549
503 632
461 788
415 522
53 697
455 757
41 65
518 989
779 863
692 992
142 449
456 584
222 147
558 969
430 406
952 226
399 951
22 154
863 500
657 409
487 394
453 246
914 520
808 27
511 256
408 393
248 200
329 532
932 100
1 270
989 117
572 963
631 349
220 37
756 151
757 378
85 993
266 781
451 267
473 219
704 489
427 786
85 850
21 71
93 755
224 957
641 105
827 322
811 825
210 448
534 591
504 563
132 539
391 761
363 847
826 377
898 666
648 633
975 920
707 927
70 774
20 295
497 22
995 275
595 685
997 321
603 246
492 271
862 226
772 361
939 200
544 280
543 986
748 600
859 401
368 404
611 336
8 69
134 517
115 684
108 334
236 155
74 714
809 885
922 572
720 530
658 184
696 161
979 684
98 71
799 743
74 435
159 879
456 533
203 256
41 189
446 996
505 40
37 915
141 74
697 938
153 900
814 339
871 294
532 882
758 457
439 410
13 249
130 346
874 489
857 733
755 614
917 699
24 518
648 387
248 228
266 975
514 185
771 794
996 811
635 699
779 263
706 893
424 894
641 314
235 447
328 235
36 292
55 72
968 475
128 508
551 744
737 258
746 80
12 396
324 398
402 560
833 892
579 368
451 5
110 266
572 555
850 837
46 966
894 650
608 383
189 762
6 464
765 423
821 501
366 466
702 424
388 784
906 341
412 142
693 43
161 394
643 794
954 697
337 713
377 612
85 283
506 320
488 331
402 7
204 191
316 961
578 492
523 565
484 671
751 699
421 138
369 841
429 751
545 846
509 615
769 774
293 64
347 372
596 623
504 575
502 94
248 352
347 943
118 110
486 706
178 147
821 587
805 118
511 21
238 695
277 557
244 944
562 365
429 802
620 59
684 792
95 507
193 615
589 917
904 528
975 216
709 268
175 416
838 160
792 305
520 935
42 432
746 771
230 432
126 225
328 184
52 971
58 650
542 567
466 218
802 896
877 494
387 910
546 413
175 887
993 900
945 793
361 210
570 390
938 173
389 298
580 51
346 402
964 146
270 551
107 899
55 739
76 87
471 339
76 289
940 314
9 360
63 37
690 785
693 158
152 672
996 97
962 177
754 47
76 7
367 512
316 630
561 661
502 873
375 453
32 421
213 410
496 146
575 444
152 638
772 432
151 789
75 995
463 999
230 822
817 973
359 662
169 46
620 377
434 186
763 65
311 576
502 213
641 821
348 715
495 660
687 10
144 250
849 827
277 434
45 822
413 276
780 303
563 905
907 782
461 801
978 368
603 869
917 755
349 662
611 514
800 15
173 400
839 754
794 401
119 736
798 441
125 475
54 985
6 860
124 661
426 574
399 391
152 192
426 483
79 431
141 824
57 325
428 224
21 482
264 617
79 605
890 36
910 868
125 174
885 394
660 143
309 39
498 700
894 706
329 982
237 837
402 794
989 758
258 582
66 431
860 581
733 753
692 132
422 424
596 995
907 572
198 707
579 698
61 729
522 861
762 582
48 972
751 642
541 192
446 284
292 668
655 72
680 636
678 987
331 356
641 15
477 698
980 708
251 277
850 930
471 808
57 588
648 883
652 593
264 274
621 180
786 395
770 516
300 699
9 546
395 515
439 256
259 166
408 748
46 162
218 795
809 212
850 504
61 383
706 628
672 716
844 970
353 929
283 602
857 625
847 74
153 122
526 461
897 843
861 442
112 615
832 672
927 51
574 597
698 777
465 209
421 262
370 454
78 47
723 438
546 218
140 694
732 56
245 951
817 286
11 163
855 290
548 572
704 648
797 357
712 131
270 543
417 121
474 122
458 839
833 689
941 710
191 59
798 81
671 493
506 587
416 319
569 367
969 286
600 84
994 996
61 539
704 854
708 870
176 454
713 648
570 771
43 897
798 883
610 679
38 132
573 544
798 642
648 807
482 389
462 619
696 51
532 409
661 763
888 795
123 266
623 585
58 839
946 576
311 141
360 727
326 60
75 892
23 500
226 224
889 288
334 99
636 571
231 369
378 807
508 986
783 558
257 628
477 977
634 84
782 754
698 745
550 382
532 989
257 997
225 41
567 921
269 886
625 520
76 916
996 837
334 356
926 552
585 234
412 834
70 354
418 771
615 2
325 304
112 643
3 564
832 652
267 123
987 296
381 121
849 463
557 22
543 71
2 663
332 946
371 940
943 813
778 283
530 821
63 279
972 610
522 209
461 227
307 709
362 632
552 968
350 677
333 425
831 190
925 165
52 311
142 930
962 9
864 601
906 338
891 368
375 131
394 398
894 613
551 188
679 75
78 630
851 818
873 942
638 622
863 271
76 115
5 441
602 487
969 824
911 901
511 673
395 57
389 939
856 358
335 857
145 191
652 45
717 583
421 26
4 246
303 26
517 304
477 787
499 967
849 404
625 377
74 449
202 26
807 555
792 832
265 960
361 635
344 839
696 412
105 665
581 431
429 178
69 219
434 840
883 651
477 166
499 658
170 862
140 348
73 105
755 581
2 55
153 418
757 31
965 376
318 837
524 912
908 55
414 312
453 350
684 315
775 801
408 369
135 134
407 637
215 436
628 403
386 440
742 431
525 651
395 426
604 388
879 258
484 337
915 722
335 636
825 706
698 176
536 267
684 387
977 399
926 448
141 868
646 963
650 398
635 580
487 887
181 56
536 41
646 82
24 253
423 207
725 955
172 25
621 762
712 298
716 274
842 981
243 608
9 248
820 784
33 226
364 756
511 615
845 323
284 469
161 262
166 316
26 652
227 5
797 145
218 529
909 727
910 35
568 54
313 669
464 991
653 707
526 115
199 889
257 658
478 176
725 209
18 845
594 748
630 214
638 722
430 38
107 119
566 914
718 980
166 556
459 562
580 132
151 472
857 747
658 908
921 326
469 76
331 452
358 151
354 817
344 577
405 462
135 724
230 93
576 299
871 220
585 51
859 700
251 163
664 958
918 887
633 287
372 309
343 500
664 742
96 191
23 710
462 290
814 695
447 394
413 230
141 823
916 131
939 711
466 624
711 830
548 502
346 170
269 105
941 737
981 596
48 272
411 494
983 42
91 146
185 89
773 312
884 477
445 919
392 285
781 797
547 647
397 532
911 780
642 689
111 332
459 295
976 75
13 667
548 827
878 38
75 279
826 581
789 575
264 934
1000 464
618 931
929 948
592 10
385 954
522 813
118 282
299 732
374 176
545 132
857 154
736 965
915 502
113 186
757 625
350 185
298 284
411 87
549 837
930 713
610 853
900 497
459 867
249 898
274 692
277 755
978 928
317 242
726 662
196 997
37 147
24 782
64 31
471 761
639 288
143 987
684 993
331 523
776 492
525 15
231 50
107 480
126 348
454 343
130 57
502 764
371 407
409 118
230 465
261 965
33 802
382 203
162 646
917 278
735 627
172 307
585 94
324 246
23 516
872 910
211 284
653 397
729 569
354 960
736 60
582 543
642 960
937 976
846 160
372 559
301 533
730 697
274 892
252 197
373 300
987 26
264 100
812 423
208 408
102 579
674 64
604 769
552 892
937 754
310 924
612 308
685 916
99 731
206 733
303 461
431 760
988 535
114 258
904 340
246 649
394 634
938 127
962 990
941 888
786 187
971 253
274 103
757 676
829 759
702 127
53 378
739 246
687 894
49 958
857 103
113 311
957 4
207 693
696 274
421 327
692 966
737 747
187 758
776 313
559 22
706 550
709 645
359 12
595 354
661 705
303 581
614 631
71 553
633 4
277 98
503 898
115 373
609 243
420 374
889 867
598 821
604 306
129 460
920 497
724 907
153 745
932 376
239 142
167 669
205 298
595 158
392 665
285 370
413 786
676 869
587 501
777 522
850 944
814 751
216 876
699 829
827 352
190 416
962 393
615 449
690 920
890 133
641 228
517 601
756 681
777 996
727 120
711 663
167 295
418 422
536 125
845 461
479 267
902 156
617 374
191 175
583 601
90 30
238 142
497 48
170 86
726 792
545 98
359 910
730 46
765 136
380 363
552 289
570 919
330 656
864 696
424 725
721 353
354 266
445 161
66 182
89 207
75 428
576 759
388 455
445 18
339 531
156 939
449 215
322 351
783 254
109 133
882 420
94 235
459 858
244 668
649 254
958 368
268 700
442 763
27 47
28 284
305 641
966 190
161 933
36 902
23 136
559 42
174 12
934 570
406 227
325 497
979 637
720 989
573 331
25 461
908 48
31 163
949 684
244 118
409 991
541 926
546 552
418 919
515 383
573 557
975 361
633 258
91 378
219 161
133 625
617 790
458 954
789 102
225 609
410 725
674 150
682 621
146 670
720 327
190 303
981 544
484 968
199 423
842 978
467 791
947 609
53 238
691 881
424 546
223 178
616 22
544 723
95 473
484 814
415 876
52 42
125 716
906 82
286 733
955 895
247 217
734 725
807 795
304 950
928 80
957 329
18 936
381 900
250 402
518 613
978 810
958 364
463 918
835 739
456 960
554 153
328 504
669 632
732 716
842 964
196 529
144 252
737 787
990 191
593 855
705 317
232 965
50 202
69 190
399 973
199 522
956 234
480 147
103 910
501 669
12 18
642 441
148 562
122 610
480 2
784 74
788 514
334 460
221 349
915 641
148 272
367 396
6 850
357 166
985 546
146 849
73 759
591 157
314 235
557 93
405 784
776 924
195 164
238 266
440 701
721 860
651 105
711 825
233 906
252 162
732 372
608 330
276 146
24 171
243 289
775 200
869 382
512 384
521 470
224 562
320 689
952 97
673 451
291 7
418 494
609 961
243 639
228 489
678 767
436 254
609 818
422 57
830 394
502 843
284 58
89 150
252 358
860 869
844 34
826 565
421 255
424 685
565 176
63 747
193 112
946 526
456 798
282 902
134 687
303 108
251 279
860 907
511 969
518 577
191 699
965 532
749 381
515 733
990 121
900 385
114 948
425 807
559 140
286 864
804 741
697 915
576 844
408 750
209 936
83 300
788 849
942 478
102 331
526 281
430 178
533 515
93 12
866 780
315 254
616 891
908 105
103 119
514 208
371 263
466 191
944 349
871 114
709 83
177 66
315 289
127 706
992 73
367 307
24 715
700 246
408 170
624 760
73 258
594 164
668 931
850 58
427 791
428 228
824 737
589 415
888 130
548 388
396 921
128 71
437 195
543 84
404 508
979 512
759 848
671 350
251 578
694 21
147 338
837 311
114 163
519 154
63 238
854 751
94 688
276 805
354 517
688 365
599 25
741 256
717 238
518 481
152 666
560 311
411 871
48 539
323 403
346 848
185 342
467 700
910 510
514 959
87 587
933 935
900 176
403 376
521 61
886 969
989 387
1000 348
325 567
515 539
911 652
481 729
163 229
493 658
97 937
939 632
43 591
942 713
468 48
635 329
882 578
938 688
654 140
400 207
791 13
294 559
391 387
339 946
27 25
529 38
40 501
719 351
150 110
44 549
727 279
498 488
150 217
417 997
182 302
519 677
650 596
888 439
248 86
528 120
927 384
285 390
572 849
245 631
193 964
231 644
326 664
708 144
98 859
262 176
119 596
379 395
766 229
859 4
368 920
591 506
794 536
669 412
615 448
546 201
565 731
831 184
142 695
538 461
203 903
777 884
816 734
1 535
178 763
312 13
612 440
575 52
869 99
66 4
160 193
538 310
290 604
863 265
976 419
722 699
70 599
678 918
290 975
809 709
402 149
268 96
84 471
797 417
640 633
273 896
806 42
460 498
264 349
28 238
1000 711
36 18
199 919
369 569
117 427
576 917
801 756
767 289
363 39
382 769
199 693
934 936
849 988
611 781
708 960
16 278
502 494
73 158
296 891
465 612
31 797
343 543
456 353
605 880
956 182
822 572
783 851
737 65
184 959
371 255
372 172
780 251
603 568
949 732
235 412
474 764
111 769
771 904
612 826
738 621
922 356
865 31
842 543
376 901
711 967
417 197
418 118
341 622
566 458
833 718
638 863
806 571
988 698
333 331
650 31
797 476
873 878
671 423
216 615
622 307
238 56
384 711
21 542
795 679
189 396
711 945
364 787
798 830
240 428
147 104
170 75
692 468
251 44
161 289
294 34
386 611
186 939
778 669
818 606
818 357
360 996
489 768
274 428
795 882
83 580
191 561
18 937
865 522
38 428
352 931
799 811
446 577
748 833
416 660
296 170
938 761
744 552
321 745
732 717
35 519
41 153
476 435
277 590
939 721
446 931
50 120
568 645
184 654
466 264
451 612
163 312
393 987
847 450
770 736
27 729
357 626
799 367
909 795
348 923
211 405
908 469
839 751
145 519
276 351
149 983
560 994
228 624
154 895
928 902
283 913
177 438
515 346
639 593
96 194
610 924
796 12
272 985
709 144
305 330
577 205
140 540
148 119
77 183
620 610
112 820
829 813
96 415
488 89
877 737
824 403
329 987
533 501
864 916
918 689
126 682
17 630
492 400
110 35
262 708
609 965
720 66
425 362
778 302
208 263
708 547
949 263
132 103
8 429
339 605
152 705
783 128
93 414
668 192
716 244
41 52
888 881
632 987
834 363
435 204
355 421
728 137
691 63
567 656
168 64
596 128
896 836
568 673
474 880
737 830
684 995
480 193
939 842
361 706
287 238
22 848
75 512
261 975
886 717
468 465
550 563
704 657
619 476
72 873
275 972
69 801
831 707
784 198
953 147
759 893
850 59
633 313
281 332
210 154
392 408
965 282
521 904
533 198
607 853
168 698
46 575
530 674
20 94
811 829
595 994
814 576
609 514
637 195
87 247
535 738
630 775
243 429
6 379
934 990
195 334
398 497
199 488
650 166
830 75
51 399
787 3
610 674
367 581
725 339
542 379
108 315
756 779
902 611
597 265
209 696
454 286
539 384
43 561
562 611
800 84
529 362
623 586
936 372
700 757
832 293
50 478
450 580
640 956
308 602
455 725
250 233
752 642
839 883
643 845
662 680
589 859
102 485
305 837
358 250
456 759
993 432
443 979
487 426
309 902
466 99
304 266
858 865
420 368
993 146
651 500
46 270
654 713
482 517
842 361
645 906
232 587
927 16
964 555
647 145
980 622
306 685
317 639
186 503
985 941
547 914
366 376
354 708
320 988
617 90
409 573
968 780
841 514
751 3
458 870
242 303
355 754
232 7
290 379
418 420
351 262
586 992
462 933
621 676
481 937
298 33
796 288
194 78
805 933
53 313
864 698
39 378
320 408
82 795
545 209
367 276
787 140
184 183
882 818
955 962
85 121
503 286
25 83
126 847
622 848
56 369
809 853
311 865
978 836
578 138
675 180
748 862
985 180
991 131
182 860
610 795
166 293
96 1000
66 969
250 154
539 26
112 151
844 728
238 996
738 38
89 570
188 183
808 72
184 866
966 489
555 926
917 731
828 394
477 212
850 334
615 978
799 283
470 647
804 99
770 15
690 374
529 956
206 44
633 256
770 337
594 109
152 232
674 309
234 364
402 528
275 738
58 222
245 876
301 970
824 521
966 964
970 582
739 662
559 831
564 587
674 23
858 296
778 990
877 169
495 357
208 109
890 889
232 99
105 84
952 284
733 745
591 767
564 361
485 480
470 412
643 890
96 833
703 102
262 616
342 218
554 185
523 597
174 515
601 789
804 926
75 74
531 289
994 416
428 934
895 556
889 334
470 162
477 881
50 486
919 311
896 970
198 54
145 442
623 755
296 58
634 24
780 340
912 356
269 985
606 66
74 115
306 517
115 613
611 808
593 853
224 752
266 673
999 177
804 417
250 189
880 775
352 480
758 824
616 769
926 980
508 739
382 28
580 607
67 548
158 653
309 623
291 44
183 74
517 537
825 851
97 269
76 511
102 30
413 961
505 544
489 107
492 958
457 901
17 207
280 906
777 932
626 751
43 477
153 301
864 183
58 242
531 472
280 168
234 467
199 702
699 871
259 786
224 581
190 382
671 501
659 469
643 952
539 891
521 468
462 626
907 675
930 256
163 691
238 213
811 15
206 631
837 831
295 858
290 530
990 547
208 887
229 797
873 619
985 417
568 247
752 628
492 183
96 988
541 220
85 64
602 474
360 961
895 627
161 656
255 656
757 638
453 63
136 498
515 590
739 44
351 786
958 270
706 319
729 70
658 186
990 127
101 211
4 344
154 365
482 846
982 515
24 785
369 704
443 857
900 673
167 246
351 577
412 971
306 322
783 756
131 885
903 403
818 233
505 738
913 761
370 736
689 156
304 254
660 936
894 215
628 423
775 466
337 378
708 287
780 188
598 927
306 567
200 14
475 148
681 577
836 954
405 193
7 13
150 224
16 992
647 738
382 357
755 973
497 973
519 502
703 661
120 340
543 508
301 897
941 961
128 89
293 817
820 518
345 418
931 487
556 8
243 319
685 684
778 30
462 735
750 837
110 739
307 797
933 754
309 168
347 365
864 945
631 501
522 27
281 655
907 719
450 110
299 854
55 965
367 983
797 52
156 188
963 820
801 49
731 328
588 159
899 732
739 797
247 16
998 878
960 561
824 125
860 843
366 631
167 493
189 149
942 973
963 594
285 610
900 65
50 332
144 905
812 33
60 277
264 306
529 506
450 581
607 427
814 485
355 448
84 2
631 142
1 722
663 192
499 525
266 662
818 939
292 70
405 289
251 846
652 294
376 431
398 216
909 209
788 998
884 783
791 237
886 341
283 570
712 664
908 414
324 213
406 743
514 37
110 578
387 921
837 401
470 602
220 437
646 697
902 343
266 189
678 30
304 51
859 790
72 100
862 911
21 437
594 25
812 96
9 405
465 75
202 949
603 365
270 588
950 498
3 871
150 650
678 51
693 276
860 491
382 332
811 169
594 315
78 344
869 115
392 329
798 945
102 610
378 733
974 226
423 180
967 955
355 979
490 822
203 231
973 503
835 490
708 612
412 425
52 960
682 91
950 856
777 310
626 637
496 423
51 57
677 213
697 751
457 370
847 549
630 351
478 216
995 974
959 619
967 396
454 97
628 948
314 359
248 440
936 874
969 376
736 605
199 695
383 42
334 682
66 744
826 922
164 45
516 282
266 541
333 36
384 932
652 89
962 436
605 215
1 329
349 281
313 872
687 433
233 224
641 281
572 887
701 597
232 424
586 951
659 396
702 521
841 529
578 871
150 436
945 796
915 580
775 80
858 390
161 222
785 418
73 570
147 287
95 573
208 223
6 38
232 213
716 703
60 955
385 519
445 911
462 535
964 445
560 431
39 173
500 433
839 810
481 859
139 618
834 833
416 234
992 995
207 858
578 346
617 480
446 410
442 969
649 61
84 390
839 502
933 893
702 58
323 326
814 156
13 783
161 612
143 700
826 894
109 297
908 572
726 799
213 184
655 273
421 395
114 911
106 527
48 654
144 864
59 342
143 594
202 58
799 587
601 464
487 15
252 880
934 970
576 146
114 881
920 174
128 643
805 887
771 187
230 454
250 512
253 959
444 416
68 372
585 166
859 515
344 756
715 551
633 178
480 91
140 824
751 390
989 269
267 722
525 683
664 817
572 650
332 615
851 453
465 2
447 438
747 628
381 174
646 784
650 479
281 400
180 642
197 748
346 182
849 53
708 248
394 352
551 866
682 991
241 261
367 845
371 646
627 719
891 335
719 448
588 485
738 470
873 985
692 315
83 772
209 449
490 780
899 624
757 716
425 249
557 704
195 603
540 917
423 563
38 226
49 918
341 422
314 119
654 4
378 925
787 933
113 408
331 289
341 8
904 839
853 428
891 745
965 674
527 943
92 562
364 303
904 726
541 543
466 347
156 547
782 795
822 964
480 195
832 104
175 502
782 650
73 84
554 557
611 980
597 649
410 293
448 647
658 639
733 473
880 947
898 14
754 300
353 789
101 415
802 594
141 484
665 127
642 11
71 871
42 847
284 768
850 69
954 248
202 613
903 193
45 217
67 289
878 396
613 278
278 545
51 981
175 923
894 257
899 973
655 454
814 582
506 997
533 422
916 18
794 946
506 596
106 680
38 991
534 560
955 621
151 660
275 108
212 934
138 769
715 932
685 589
246 653
427 357
912 963
604 547
734 630
665 929
65 253
824 126
240 325
259 717
846 659
740 434
492 880
54 235
911 989
971 78
536 545
668 38
672 33
231 398
105 782
606 366
893 403
123 766
697 579
512 298
307 356
501 116
64 925
810 629
852 8
600 33
410 731
827 986
865 131
779 855
605 321
239 583
198 60
560 590
746 809
162 678
850 832
455 795
442 150
44 326
215 431
839 139
167 520
538 940
595 53
903 37
262 183
730 583
968 80
154 599
873 85
434 435
391 759
160 631
68 768
107 810
220 587
367 788
869 114
941 549
346 76
723 953
505 389
560 501
367 901
812 278
427 304
365 622
503 69
420 655
994 628
811 86
753 449
8 265
815 518
69 864
986 208
699 765
687 568
169 528
329 604
489 633
701 492
39 709
230 780
126 845
736 897
682 491
757 565
424 503
5 326
286 925
621 230
634 147
657 168
87 831
1 652
643 365
810 454
995 862
959 763
856 56
966 205
126 326
511 224
907 745
191 978
106 970
527 256
454 329
960 133
390 536
391 369
997 523
215 450
272 278
275 921
386 258
889 771
897 950
949 441
154 905
795 584
128 228
51 924
512 666
845 826
662 464
224 716
336 278
396 860
418 228
792 41
523 139
157 137
683 321
647 298
462 532
856 779
907 697
33 116
997 306
490 789
85 328
69 947
915 3
700 891
129 650
702 217
282 652
209 484
172 744
734 590
811 451
575 442
725 265
304 987
817 886
507 776
713 933
490 132
496 792
266 974
502 13
13 782
460 529
874 855
180 777
692 868
711 72
805 387
256 960
518 1000
959 654
471 366
250 188
615 701
446 934
748 98
862 494
19 720
314 704
44 601
61 341
121 58
675 713
325 64
348 999
297 775
519 968
596 77
10 680
637 935
476 67
168 276
680 593
978 509
689 886
508 620
434 587
148 429
483 822
797 609
49 96
413 991
729 710
159 239
769 175
348 180
223 824
884 102
331 942
997 769
690 747
763 931
451 165
234 319
603 295
968 906
740 314
114 187
133 883
834 640
502 562
798 127
855 122
106 76
721 114
355 780
137 449
176 425
489 566
418 490
789 713
807 697
639 233
534 887
62 20
483 33
14 219
900 216
351 126
652 873
375 356
51 338
770 764
18 121
436 280
57 997
645 172
424 288
558 647
463 961
869 590
838 663
804 515
715 88
952 886
443 637
662 94
209 883
304 805
347 903
126 532
53 642
222 11
478 145
796 814
139 757
356 885
951 626
992 513
296 24
230 342
686 494
460 874
227 625
176 717
47 314
704 83
758 794
107 372
54 669
791 312
633 220
833 764
15 866
842 368
457 982
774 533
576 268
483 850
634 766
732 135
626 702
474 691
456 154
132 861
685 119
873 495
621 889
875 649
34 171
955 273
633 431
376 960
57 363
587 135
831 307
678 413
124 405
988 718
693 323
240 364
726 446
357 265
843 800
859 91
787 294
971 517
331 581
81 319
708 876
217 783
803 560
40 752
517 917
336 139
742 519
986 253
355 6
327 84
394 303
147 786
728 475
229 690
213 29
61 216
523 748
362 771
250 18
195 911
87 677
704 941
448 49
786 950
290 895
662 572
402 478
60 134
244 603
154 335
905 64
61 591
981 378
654 144
16 356
342 716
770 917
862 355
540 271
615 709
227 540
999 874
993 437
331 554
705 505
503 1000
344 911
879 929
36 77
458 544
872 817
332 403
434 640
770 38
590 607
917 309
426 752
742 298
512 913
590 718
44 214
40 352
175 856
842 487
182 76
684 262
387 808
375 597
980 617
759 351
841 805
314 175
561 166
626 900
38 542
148 42
869 224
210 415
822 190
147 370
440 816
977 71
6 459
389 465
526 690
599 72
46 824
664 439
846 931
759 646
431 667
693 52
787 435
228 429
969 849
142 981
452 978
878 483
806 332
223 234
463 667
599 287
920 622
118 327
564 37
744 909
855 614
783 197
145 177
950 862
578 137
47 190
978 314
307 421
75 129
973 680
649 882
64 190
373 940
464 888
948 474
273 166
184 519
592 388
991 260
155 134
415 344
819 913
594 661
120 756
102 388
513 267
805 849
753 608
865 174
791 130
170 379
291 421
202 329
809 423
921 285
44 404
942 133
799 260
31 174
509 224
273 889
614 269
212 274
448 584
434 567
491 554
20 844
442 26
614 156
619 310
936 604
168 742
812 183
318 568
154 569
922 516
690 599
361 219
327 954
972 557
209 717
642 901
204 278
884 336
299 42
891 937
364 18
747 680
365 487
225 838
621 756
582 890
877 650
753 388
290 666
677 318
367 669
411 690
160 882
114 457
617 486
856 554
708 971
877 940
64 1000
256 564
460 300
703 240
891 112
553 331
551 444
799 902
588 903
423 670
743 741
855 457
537 860
238 747
693 414
501 123
156 682
31 590
414 145
718 780
754 637
459 603
672 328
573 136
248 325
851 443
568 632
842 123
738 184
979 190
192 284
265 906
233 416
987 731
235 350
474 954
491 1000
55 235
934 682
866 724
832 812
373 452
637 535
444 682
707 238
571 137
720 845
441 412
142 448
287 933
950 239
813 93
816 207
780 874
763 930
432 248
825 631
805 649
664 819
497 827
758 763
979 762
569 634
915 610
533 31
519 28
797 666
814 552
200 322
57 447
664 209
683 287
385 496
767 682
831 367
161 105
116 589
725 601
363 744
623 126
185 460
958 241
523 404
618 538
68 639
152 308
698 445
721 275
596 857
78 688
707 66
993 401
94 394
522 727
528 792
123 502
783 140
640 694
143 365
769 982
19 307
94 277
650 56
425 8
423 557
49 916
726 974
32 166
910 1
696 141
914 188
991 446
95 245
118 62
909 375
37 12
899 161
203 284
188 424
500 490
139 756
122 420
620 491
70 972
884 704
681 121
476 403
352 673
562 300
67 854
250 320
804 369
990 156
581 433
481 124
120 812
432 344
503 775
714 66
218 917
48 596
400 789
990 446
577 587
801 992
124 978
675 450
89 785
715 965
732 26
121 191
131 532
871 254
705 755
603 612
106 436
571 2
864 380
258 689
524 180
194 563
180 578
513 657
479 566
73 60
926 499
214 417
361 147
470 799
327 898
443 123
58 149
194 981
580 616
949 163
30 727
243 433
741 146
341 772
582 834
860 544
661 433
815 620
362 280
66 61
32 373
240 488
826 611
756 992
725 351
321 105
937 295
645 126
605 6
612 231
482 412
635 78
1 900
290 791
790 644
577 201
207 562
155 415
670 594
464 691
195 910
416 865
158 384
859 487
503 596
430 982
574 488
27 871
799 525
838 45
325 118
879 819
182 513
254 339
225 34
425 544
525 45
358 198
527 675
197 76
295 755
866 813
426 878
413 612
107 339
474 626
236 629
119 924
763 780
803 181
767 844
76 881
44 215
444 729
138 284
699 85
920 358
684 263
208 456
94 996
662 458
48 496
67 428
766 238
90 855
916 65
510 552
286 218
910 611
825 905
298 779
794 916
501 768
394 294
677 781
215 834
110 108
772 535
189 611
602 204
401 403
626 366
282 694
190 23
356 379
881 396
476 864
857 94
313 424
276 548
959 801
545 213
393 320
910 479
52 963
91 623
62 188
890 293
717 356
293 72
652 641
692 130
674 661
969 515
457 476
113 469
369 931
815 68
249 245
585 627
359 328
771 337
277 565
340 888
909 16
639 273
253 694
314 554
352 361
14 639
685 506
170 857
746 760
231 112
110 771
535 152
738 260
296 783
27 609
107 319
936 831
299 193
861 507
684 340
599 555
871 774
72 52
695 116
453 633
880 731
557 115
685 958
733 850
807 495
457 719
688 125
483 587
375 937
211 568
502 347
843 358
720 430
684 9
668 646
945 755
453 812
440 389
97 152
115 261
816 864
47 680
764 174
731 95
470 33
698 418
254 728
111 305
170 165
261 10
735 891
930 363
34 660
83 877
389 214
677 515
621 527
421 197
117 598
725 279
545 241
27 624
221 568
635 118
953 45
181 630
330 912
278 400
209 789
941 601
44 821
230 520
891 718
785 93
288 467
198 42
256 480
634 36
981 305
672 696
503 71
921 335
525 117
629 1
595 401
686 56
368 551
194 52
339 335
768 581
78 532
1 170
756 132
97 257
872 921
16 873
56 710
145 907
590 775
277 126
426 600
915 756
608 98
451 472
104 705
746 144
105 40
91 461
517 761
349 909
941 329
216 810
358 677
470 867
346 181
185 740
780 728
506 575
381 397
309 80
740 212
618 648
67 130
323 300
125 904
327 332
777 54
517 812
422 738
167 231
501 617
962 237
319 824
712 476
91 905
288 922
635 820
228 358
344 347
17 651
627 664
4 919
857 708
268 540
497 704
968 679
781 513
62 372
174 658
817 840
69 600
252 578
990 976
916 915
311 444
331 290
409 428
190 619
874 728
691 2
825 325
837 474
245 89
17 364
202 550
446 832
766 597
162 959
605 457
952 709
884 640
405 265
288 733
628 653
596 99
409 127
84 831
558 723
909 826
509 310
590 577
496 943
443 168
906 512
211 436
380 581
383 594
242 546
462 103
870 160
983 899
505 960
591 202
589 520
167 758
719 901
278 693
923 640
963 367
836 231
267 164
894 437
733 873
936 533
186 476
258 545
833 879
577 773
318 753
85 714
569 661
217 152
883 53
195 23
712 139
416 472
824 453
343 247
695 322
609 517
518 185
888 168
495 296
447 181
214 128
842 901
426 112
462 594
553 939
419 829
631 358
1000 241
750 16
647 530
485 693
532 306
403 382
982 470
855 604
615 321
513 128
942 576
675 839
415 576
108 470
553 359
662 579
477 775
973 642
407 60
286 87
982 688
635 328
367 109
630 536
819 85
70 41
786 374
40 108
421 721
562 465
636 674
493 551
235 251
808 81
607 355
480 226
64 481
799 413
842 712
400 995
607 496
365 773
121 353
33 967
932 385
606 824
440 831
934 755
594 864
762 474
67 736
28 874
289 558
896 498
421 789
6 909
776 892
729 828
95 535
6 796
944 93
357 248
927 172
197 911
399 455
937 932
129 231
437 122
9 409
729 990
163 896
556 89
59 723
923 906
263 421
709 378
360 50
927 962
43 199
194 169
158 276
569 403
552 863
497 88
316 756
78 463
6 344
954 590
739 940
522 906
781 687
32 402
679 208
972 94
169 799
612 53
960 574
833 288
924 153
981 984
928 220
123 448
307 137
345 126
700 944
114 645
425 54
783 199
736 900
934 113
537 673
947 966
765 851
453 971
438 719
682 377
442 642
547 649
691 461
443 373
72 667
871 185
624 218
654 370
417 945
78 472
787 736
292 23
956 110
169 356
825 383
524 682
746 598
526 296
378 690
970 926
537 529
633 952
269 658
552 50
537 642
228 715
266 1000
291 55
718 498
885 323
62 938
196 504
712 589
272 408
880 589
85 928
84 597
522 634
946 710
104 742
705 735
654 968
94 961
989 455
962 629
910 973
68 976
345 621
328 893
906 28
873 199
600 777
358 521
87 197
824 509
107 779
789 833
669 235
392 361
209 451
983 399
643 976
932 863
388 253
485 491
858 87
217 837
90 509
290 523
476 982
114 455
47 905
468 690
895 757
289 449
933 1000
751 881
53 40
479 82
482 466
857 134
855 919
792 535
744 880
530 247
306 590
459 895
957 212
782 993
560 80
43 141
296 144
776 154
231 288
748 206
786 303
606 180
28 48
39 857
376 269
50 114
838 475
714 221
398 520
994 189
297 411
101 645
302 100
106 813
503 829
841 214
330 341
149 767
810 731
56 719
690 53
582 111
131 685
650 903
652 121
266 908
913 611
954 369
375 651
242 575
426 694
121 394
234 171
769 821
609 429
242 654
353 751
124 754
376 824
146 840
457 537
495 49
977 338
300 449
802 159
206 126
110 344
864 844
104 849
335 926
51 667
752 828
803 648
399 221
882 179
460 29
208 78
485 446
270 298
162 480
403 391
177 854
768 351
458 413
723 282
94 133
195 630
490 778
416 121
200 768
368 281
874 916
450 856
476 728
38 115
169 224
670 628
615 375
753 994
352 581
353 508
752 166
753 883
165 965
20 72
528 599
675 904
348 429
930 851
593 795
978 555
944 999
932 595
988 496
239 702
700 444
334 742
649 618
746 686
709 314
512 874
993 872
606 946
53 978
338 172
277 952
124 893
801 912
992 617
520 616
831 888
771 953
296 599
480 404
98 991
7 507
210 5
690 315
8 634
823 117
664 994
647 171
394 95
175 822
974 658
736 52
590 915
297 988
372 384
410 741
980 876
162 66
617 96
10 30
379 341
752 969
586 685
772 942
864 967
991 703
924 714
747 882
750 311
879 145
894 630
302 970
510 895
940 394
564 302
323 408
198 548
56 125
636 136
69 793
473 84
679 188
80 274
942 982
290 789
717 602
5 366
305 524
472 11
952 789
936 378
331 368
740 250
341 311
252 982
145 500
532 640
826 933
940 484
424 61
14 758
787 562
33 497
4 576
854 939
933 373
889 9
546 826
723 437
68 426
987 660
272 159
537 677
262 510
804 117
272 302
650 607
339 262
845 417
642 235
607 657
738 576
742 440
300 107
564 936
232 433
430 546
306 724
327 834
186 870
917 20
96 128
295 416
171 734
295 46
465 647
864 133
862 880
594 18
479 532
523 18
164 864
186 352
243 369
64 844
798 43
341 964
113 685
955 540
858 193
368 637
55 951
613 121
6 345
855 172
695 583
440 201
835 320
213 476
605 938
401 290
40 638
707 647
544 318
88 874
824 30
181 751
22 685
574 78
647 902
317 511
464 605
467 462
574 217
354 100
635 477
853 14
415 551
667 454
117 259
687 907
925 514
710 280
850 168
144 889
507 575
451 296
62 146
562 355
891 661
503 683
994 890
382 776
889 436
887 577
447 884
288 663
776 864
684 929
535 538
978 642
540 413
378 546
511 450
168 316
166 795
983 612
235 260
328 162
737 90
591 99
404 895
941 48
500 992
248 121
690 368
231 848
577 930
656 319
590 856
42 914
560 219
980 648
125 47
879 378
992 342
200 119
707 813
194 1000
774 141
554 240
447 127
54 311
627 499
384 815
684 154
121 560
868 526
301 742
587 929
897 487
984 882
708 935
801 3
621 642
983 383
307 966
959 571
845 378
846 557
189 502
359 938
431 776
894 793
130 964
983 207
973 406
96 822
673 442
969 963
53 392
570 546
130 631
792 536
479 482
227 413
637 498
969 940
406 275
56 275
153 703
833 45
579 577
771 667
473 942
807 625
580 897
687 943
246 181
801 568
72 696
490 747
770 937
164 360
202 39
946 166
54 619
970 32
93 143
166 549
773 579
173 375
283 731
302 101
628 683
59 368
866 864
685 476
596 73
779 667
27 734
600 140
653 190
325 477
496 901
228 744
282 256
690 389
638 343
585 169
434 583
534 114
837 187
846 256
116 101
872 923
444 556
393 518
774 444
704 408
7 39
45 240
29 747
49 245
966 202
694 150
237 537
163 970
612 571
65 680
64 773
798 208
733 549
111 113
403 168
686 613
102 604
360 11
547 801
952 335
935 446
702 458
939 59
872 486
998 538
391 584
244 806
242 162
378 482
68 634
768 336
907 903
833 239
679 404
834 64
229 666
485 736
624 692
888 777
373 847
415 622
623 575
751 618
162 595
501 171
105 934
895 863
739 579
94 58
313 817
541 617
815 126
106 620
236 479
403 800
575 926
127 7
532 963
429 241
175 509
862 345
370 651
791 199
390 740
379 955
306 272
440 805
37 589
277 190
140 842
435 830
555 877
920 414
701 551
261 746
104 513
124 604
31 496
803 107
613 384
758 683
488 783
513 130
349 638
133 689
928 647
163 998
292 706
793 291
778 137
254 16
46 945
394 190
916 195
507 283
733 521
493 292
535 865
980 934
623 46
626 894
332 245
193 869
531 817
180 385
181 1000
630 649
777 209
596 53
602 102
597 837
973 461
599 375
179 376
492 189
199 133
311 847
352 772
701 356
14 42
52 921
806 6
777 284
943 491
505 219
770 591
366 537
647 835
815 173
448 53
288 430
974 856
630 228
120 621
801 736
822 778
969 326
438 515
482 384
466 312
268 70
167 567
387 336
705 509
338 254
249 937
861 242
754 866
738 383
755 836
337 328
282 457
528 481
470 587
875 954
535 230
929 512
920 601
802 627
859 590
541 359
572 873
738 577
957 929
324 82
253 68
471 141
521 858
189 956
751 469
45 312
817 167
52 36
863 812
537 224
99 153
809 860
284 519
301 991
530 811
346 248
478 49
927 972
234 533
703 917
65 513
560 380
669 182
483 159
428 516
602 203
218 553
143 19
592 941
848 71
575 60
284 459
748 544
190 750
113 31
845 294
117 639
544 319
856 705
708 610
378 141
394 662
436 301
256 799
117 736
652 813
269 379
786 39
291 671
153 674
26 592
192 840
759 991
363 241
473 849
239 930
147 528
23 445
890 2
448 17
175 230
314 582
900 321
615 660
815 54
763 481
601 510
340 406
303 770
287 393
239 640
700 502
295 946
221 263
174 21
302 78
948 708
897 638
883 661
830 736
864 358
261 768
614 438
690 414
28 729
512 962
15 716
901 816
421 934
651 265
603 560
814 822
618 223
376 798
768 666
613 472
739 256
428 164
766 190
234 343
590 968
441 215
314 335
320 896
372 505
379 431
533 104
21 646
205 39
669 376
691 800
217 681
767 673
590 234
711 626
227 718
13 726
643 198
735 393
536 209
534 876
539 690
659 403
356 282
285 770
878 387
700 999
901 72
762 664
155 314
999 661
969 962
217 101
585 848
701 267
151 814
62 351
629 476
403 553
69 498
288 359
453 950
516 55
203 372
773 672
135 651
65 943
818 779
343 868
930 925
917 949
165 944
991 356
212 125
948 553
623 873
663 6
627 378
944 561
502 450
490 394
811 3
546 867
888 392
395 226
749 869
97 262
633 180
228 632
233 198
876 616
823 19
291 418
185 939
441 273
495 194
353 749
104 693
432 252
15 555
452 247
625 953
789 16
172 246
584 206
158 33
486 402
33 972
200 247
954 960
537 216
483 616
673 936
621 946
802 12
324 344
290 472
73 984
95 543
439 697
171 455
707 153
212 793
711 705
381 394
333 359
377 975
214 234
580 336
492 392
545 432
506 284
83 778
372 913
854 21
360 953
965 637
806 136
593 349
351 101
501 392
730 158
895 632
765 612
522 674
692 214
753 992
181 599
900 507
333 828
227 265
733 80
602 711
715 44
607 106
934 782
579 717
876 121
718 876
97 870
691 342
410 13
162 954
952 712
50 939
927 369
20 865
933 288
58 746
828 474
847 430
250 558
405 144
490 113
974 807
22 496
337 482
338 61
568 15
729 692
714 288
879 622
663 377
866 615
850 160
357 880
250 768
949 540
151 817
864 12
774 409
105 844
83 615
194 527
671 35
506 781
693 615
659 683
435 991
478 899
362 760
423 427
725 807
390 176
711 788
971 683
152 734
609 538
959 474
817 501
858 235
17 953
199 465
698 336
830 333
78 502
248 752
108 525
623 158
350 982
5 57
693 76
696 992
933 989
275 223
614 58
333 621
344 238
808 649
570 616
455 30
756 787
173 873
23 406
986 792
75 11
369 810
278 492
373 802
943 490
674 653
35 745
566 647
607 57
757 972
403 609
151 199
62 486
292 367
701 21
814 492
837 976
329 230
678 446
170 865
712 560
430 215
773 980
533 558
934 615
115 979
173 207
914 755
504 375
686 119
559 751
546 538
999 468
418 905
426 652
708 378
837 410
125 408
271 612
883 244
223 895
506 801
529 746
436 724
238 892
402 548
480 656
542 880
814 757
971 607
233 952
621 605
437 46
480 527
779 935
582 640
803 757
510 703
350 656
834 709
48 722
250 793
971 548
346 69
915 237
221 782
977 868
834 999
651 743
925 476
614 580
324 965
186 930
575 396
27 362
873 548
711 316
325 641
540 546
52 894
109 891
978 828
893 265
815 211
361 838
269 203
952 819
810 305
424 396
596 482
692 829
197 377
108 68
808 63
899 253
719 484
576 798
593 976
511 238
386 75
553 953
235 216
552 166
719 314
154 78
83 92
823 360
511 460
721 243
448 990
152 658
201 186
192 467
563 708
858 764
767 876
516 694
665 148
411 879
171 687
798 472
466 865
139 77
881 466
971 900
516 837
620 793
944 124
766 191
796 602
897 170
718 2
168 890
618 510
671 136
267 894
270 563
641 173
661 162
755 59
381 485
609 578
646 73
975 951
725 576
941 515
848 405
190 164
764 25
692 302
324 938
532 151
462 866
324 910
237 397
587 11
375 489
415 854
143 487
136 79
287 771
913 361
787 176
403 699
668 245
721 442
264 147
36 744
506 74
382 761
769 894
8 152
118 215
711 70
956 624
383 145
661 937
834 399
140 284
379 459
59 404
442 532
313 900
558 958
525 143
340 427
35 415
244 662
922 909
923 380
407 839
671 522
106 808
895 104
970 753
843 389
37 454
478 616
444 456
762 319
600 142
819 684
75 524
150 158
776 729
281 93
852 300
124 971
270 979
876 474
110 658
129 401
675 427
941 18
671 953
489 83
254 173
571 253
132 871
442 59
860 43
504 368
103 440
767 913
146 839
770 269
188 563
975 708
353 605
889 515
357 61
693 435
486 403
615 244
652 743
788 473
370 184
906 940
270 527
811 857
160 949
553 802
953 248
260 368
865 994
873 817
272 978
516 785
285 884
159 847
735 492
646 343
660 370
252 376
329 653
290 925
130 934
38 231
816 123
811 902
142 324
375 992
647 968
726 963
602 341
308 728
660 565
134 820
89 303
222 22
502 269
387 127
195 109
836 756
787 539
183 738
645 473
862 806
924 270
166 595
588 612
681 60
600 362
28 659
250 559
433 69
699 366
591 459
957 554
462 248
118 622
694 423
730 640
736 233
462 107
581 31
721 660
243 120
336 694
318 618
854 936
470 929
309 365
205 396
758 728
390 38
121 645
710 607
659 539
822 37
806 670
457 651
591 488
794 522
834 591
854 650
458 843
369 284
332 864
523 201
935 92
960 776
318 422
998 516
322 61
551 140
419 801
657 497
885 926
835 361
501 506
137 193
618 906
587 329
91 518
311 841
114 669
868 374
728 417
765 986
895 543
52 923
933 830
749 614
636 396
44 987
394 742
688 675
429 527
592 271
867 135
781 331
986 571
903 696
13 50
606 115
218 848
331 595
46 202
502 408
250 353
913 893
438 944
24 996
758 201
250 464
14 535
970 969
917 718
634 314
582 170
839 537
970 856
798 850
921 180
614 283
265 740
45 20
407 621
600 501
73 347
720 991
21 219
827 853
410 546
512 518
452 185
992 478
922 441
779 16
600 531
6 586
880 911
91 408
793 140
744 446
929 348
200 304
163 900
314 813
2 538
385 386
869 234
747 706
699 935
665 763
940 331
155 901
66 376
843 528
317 678
114 76
646 253
726 335
426 780
217 877
801 131
864 708
385 733
80 211
125 381
543 540
412 50
711 430
549 607
270 144
273 860
695 753
668 355
308 370
535 525
854 205
644 155
309 502
577 168
102 114
856 481
875 463
25 39
549 770
902 899
898 142
744 566
925 543
279 622
362 441
342 627
127 251
218 645
829 752
294 758
264 421
191 842
675 581
463 74
600 4
766 657
213 639
823 506
342 860
739 181
245 398
482 592
849 756
192 421
512 964
289 605
550 624
2 954
685 151
776 653
12 327
328 52
720 758
20 779
371 118
500 786
48 179
452 157
71 949
20 825
186 33
977 362
685 953
558 313
524 377
928 850
105 55
710 532
289 808
453 757
38 685
206 983
267 881
826 224
366 153
976 829
816 918
360 18
540 977
310 928
285 254
512 46
569 435
68 650
797 67
526 515
894 909
200 665
359 749
424 557
138 595
768 818
17 674
739 482
136 112
89 48
215 560
643 515
722 383
322 438
968 111
454 155
576 605
243 936
818 694
702 589
252 938
473 947
866 170
539 240
888 974
210 582
464 858
710 379
857 981
770 932
867 300
136 652
790 274
407 838
303 657
732 402
796 534
430 780
69 52
624 309
182 381
684 535
961 706
414 256
363 90
261 755
957 630
137 957
120 99
598 904
693 656
34 303
626 661
642 174
348 179
672 889
100 686
662 260
612 599
171 283
558 341
803 430
287 705
572 625
722 162
426 359
65 685
31 819
101 369
441 98
315 905
82 660
